0 0 0;0.375
0 0 1;0.125
0 5 0;0.375
0 5 1;0.125
0 10 0;0.375
0 10 1;0.125
0 15 0;0.375
0 15 1;0.125
0 20 0;0.375
0 20 1;0.125
0 25 0;0.375
0 25 1;0.125
0 30 0;0.375
0 30 1;0.125
0 35 0;0.375
0 35 1;0.125
0 40 0;0.375
0 40 1;0.125
0 45 0;0.375
0 45 1;0.125
0 50 0;0.375
0 50 1;0.125
0 55 0;0.375
0 55 1;0.125
0 60 0;0.375
0 60 1;0.125
0 65 0;0.375
0 65 1;0.125
0 70 0;0.375
0 70 1;0.125
0 75 0;0.375
0 75 1;0.125
0 80 0;0.375
0 80 1;0.125
0 85 0;0.375
0 85 1;0.125
0 90 0;0.375
0 90 1;0.125
0 95 0;0.375
0 95 1;0.125
0 100 0;0.375
0 100 1;0.125
5 0 0;0.375
5 0 1;0.125
5 5 0;0.375
5 5 1;0.125
5 10 0;0.375
5 10 1;0.125
5 15 0;0.375
5 15 1;0.125
5 20 0;0.375
5 20 1;0.125
5 25 0;0.375
5 25 1;0.125
5 30 0;0.375
5 30 1;0.125
5 35 0;0.375
5 35 1;0.125
5 40 0;0.375
5 40 1;0.125
5 45 0;0.375
5 45 1;0.125
5 50 0;0.375
5 50 1;0.125
5 55 0;0.375
5 55 1;0.125
5 60 0;0.375
5 60 1;0.125
5 65 0;0.375
5 65 1;0.125
5 70 0;0.375
5 70 1;0.125
5 75 0;0.375
5 75 1;0.125
5 80 0;0.375
5 80 1;0.125
5 85 0;0.375
5 85 1;0.125
5 90 0;0.375
5 90 1;0.125
5 95 0;0.375
5 95 1;0.125
5 100 0;0.375
5 100 1;0.125
10 0 0;0.375
10 0 1;0.125
10 5 0;0.375
10 5 1;0.125
10 10 0;0.375
10 10 1;0.125
10 15 0;0.375
10 15 1;0.125
10 20 0;0.375
10 20 1;0.125
10 25 0;0.375
10 25 1;0.125
10 30 0;0.375
10 30 1;0.125
10 35 0;0.375
10 35 1;0.125
10 40 0;0.375
10 40 1;0.125
10 45 0;0.375
10 45 1;0.125
10 50 0;0.375
10 50 1;0.125
10 55 0;0.375
10 55 1;0.125
10 60 0;0.375
10 60 1;0.125
10 65 0;0.375
10 65 1;0.125
10 70 0;0.375
10 70 1;0.125
10 75 0;0.375
10 75 1;0.125
10 80 0;0.375
10 80 1;0.125
10 85 0;0.375
10 85 1;0.125
10 90 0;0.375
10 90 1;0.125
10 95 0;0.375
10 95 1;0.125
10 100 0;0.375
10 100 1;0.125
15 0 0;0.375
15 0 1;0.125
15 5 0;0.375
15 5 1;0.125
15 10 0;0.375
15 10 1;0.125
15 15 0;0.375
15 15 1;0.125
15 20 0;0.375
15 20 1;0.125
15 25 0;0.375
15 25 1;0.125
15 30 0;0.375
15 30 1;0.125
15 35 0;0.375
15 35 1;0.125
15 40 0;0.375
15 40 1;0.125
15 45 0;0.375
15 45 1;0.125
15 50 0;0.375
15 50 1;0.125
15 55 0;0.375
15 55 1;0.125
15 60 0;0.375
15 60 1;0.125
15 65 0;0.375
15 65 1;0.125
15 70 0;0.375
15 70 1;0.125
15 75 0;0.375
15 75 1;0.125
15 80 0;0.375
15 80 1;0.125
15 85 0;0.375
15 85 1;0.125
15 90 0;0.375
15 90 1;0.125
15 95 0;0.375
15 95 1;0.125
15 100 0;0.375
15 100 1;0.125
20 0 0;0.375
20 0 1;0.125
20 5 0;0.375
20 5 1;0.125
20 10 0;0.375
20 10 1;0.125
20 15 0;0.375
20 15 1;0.125
20 20 0;0.375
20 20 1;0.125
20 25 0;0.375
20 25 1;0.125
20 30 0;0.375
20 30 1;0.125
20 35 0;0.375
20 35 1;0.125
20 40 0;0.375
20 40 1;0.125
20 45 0;0.375
20 45 1;0.125
20 50 0;0.375
20 50 1;0.125
20 55 0;0.375
20 55 1;0.125
20 60 0;0.375
20 60 1;0.125
20 65 0;0.375
20 65 1;0.125
20 70 0;0.375
20 70 1;0.125
20 75 0;0.375
20 75 1;0.125
20 80 0;0.375
20 80 1;0.125
20 85 0;0.375
20 85 1;0.125
20 90 0;0.375
20 90 1;0.125
20 95 0;0.375
20 95 1;0.125
20 100 0;0.375
20 100 1;0.125
25 0 0;0.625
25 0 1;0.125
25 5 0;0.625
25 5 1;0.125
25 10 0;0.625
25 10 1;0.125
25 15 0;0.625
25 15 1;0.125
25 20 0;0.625
25 20 1;0.125
25 25 0;0.625
25 25 1;0.125
25 30 0;0.625
25 30 1;0.125
25 35 0;0.625
25 35 1;0.125
25 40 0;0.625
25 40 1;0.125
25 45 0;0.875
25 45 1;0.125
25 50 0;0.875
25 50 1;0.125
25 55 0;0.875
25 55 1;0.125
25 60 0;0.875
25 60 1;0.125
25 65 0;0.875
25 65 1;0.125
25 70 0;0.875
25 70 1;0.125
25 75 0;0.875
25 75 1;0.125
25 80 0;0.875
25 80 1;0.125
25 85 0;0.875
25 85 1;0.125
25 90 0;0.875
25 90 1;0.125
25 95 0;0.875
25 95 1;0.125
25 100 0;0.875
25 100 1;0.125
30 0 0;0.625
30 0 1;0.125
30 5 0;0.625
30 5 1;0.125
30 10 0;0.625
30 10 1;0.125
30 15 0;0.625
30 15 1;0.125
30 20 0;0.625
30 20 1;0.125
30 25 0;0.625
30 25 1;0.125
30 30 0;0.625
30 30 1;0.125
30 35 0;0.625
30 35 1;0.125
30 40 0;0.625
30 40 1;0.125
30 45 0;0.875
30 45 1;0.125
30 50 0;0.875
30 50 1;0.125
30 55 0;0.875
30 55 1;0.125
30 60 0;0.875
30 60 1;0.125
30 65 0;0.875
30 65 1;0.125
30 70 0;0.875
30 70 1;0.125
30 75 0;0.875
30 75 1;0.125
30 80 0;0.875
30 80 1;0.125
30 85 0;0.875
30 85 1;0.125
30 90 0;0.875
30 90 1;0.125
30 95 0;0.875
30 95 1;0.125
30 100 0;0.875
30 100 1;0.125
35 0 0;0.625
35 0 1;0.875
35 5 0;0.625
35 5 1;0.875
35 10 0;0.625
35 10 1;0.875
35 15 0;0.625
35 15 1;0.875
35 20 0;0.625
35 20 1;0.875
35 25 0;0.625
35 25 1;0.875
35 30 0;0.625
35 30 1;0.875
35 35 0;0.625
35 35 1;0.875
35 40 0;0.625
35 40 1;0.875
35 45 0;0.875
35 45 1;0.875
35 50 0;0.875
35 50 1;0.875
35 55 0;0.875
35 55 1;0.875
35 60 0;0.875
35 60 1;0.875
35 65 0;0.875
35 65 1;0.875
35 70 0;0.875
35 70 1;0.875
35 75 0;0.875
35 75 1;0.875
35 80 0;0.875
35 80 1;0.875
35 85 0;0.875
35 85 1;0.875
35 90 0;0.875
35 90 1;0.875
35 95 0;0.875
35 95 1;0.875
35 100 0;0.875
35 100 1;0.875
40 0 0;0.625
40 0 1;0.875
40 5 0;0.625
40 5 1;0.875
40 10 0;0.625
40 10 1;0.875
40 15 0;0.625
40 15 1;0.875
40 20 0;0.625
40 20 1;0.875
40 25 0;0.625
40 25 1;0.875
40 30 0;0.625
40 30 1;0.875
40 35 0;0.625
40 35 1;0.875
40 40 0;0.625
40 40 1;0.875
40 45 0;0.875
40 45 1;0.875
40 50 0;0.875
40 50 1;0.875
40 55 0;0.875
40 55 1;0.875
40 60 0;0.875
40 60 1;0.875
40 65 0;0.875
40 65 1;0.875
40 70 0;0.875
40 70 1;0.875
40 75 0;0.875
40 75 1;0.875
40 80 0;0.875
40 80 1;0.875
40 85 0;0.875
40 85 1;0.875
40 90 0;0.875
40 90 1;0.875
40 95 0;0.875
40 95 1;0.875
40 100 0;0.875
40 100 1;0.875
45 0 0;0.875
45 0 1;0.875
45 5 0;0.875
45 5 1;0.875
45 10 0;0.875
45 10 1;0.875
45 15 0;0.875
45 15 1;0.875
45 20 0;0.875
45 20 1;0.875
45 25 0;0.875
45 25 1;0.875
45 30 0;0.875
45 30 1;0.875
45 35 0;0.875
45 35 1;0.875
45 40 0;0.875
45 40 1;0.875
45 45 0;0.875
45 45 1;0.875
45 50 0;0.875
45 50 1;0.875
45 55 0;0.875
45 55 1;0.875
45 60 0;0.875
45 60 1;0.875
45 65 0;0.875
45 65 1;0.875
45 70 0;0.875
45 70 1;0.875
45 75 0;0.875
45 75 1;0.875
45 80 0;0.875
45 80 1;0.875
45 85 0;0.875
45 85 1;0.875
45 90 0;0.875
45 90 1;0.875
45 95 0;0.875
45 95 1;0.875
45 100 0;0.875
45 100 1;0.875
50 0 0;0.875
50 0 1;0.875
50 5 0;0.875
50 5 1;0.875
50 10 0;0.875
50 10 1;0.875
50 15 0;0.875
50 15 1;0.875
50 20 0;0.875
50 20 1;0.875
50 25 0;0.875
50 25 1;0.875
50 30 0;0.875
50 30 1;0.875
50 35 0;0.875
50 35 1;0.875
50 40 0;0.875
50 40 1;0.875
50 45 0;0.875
50 45 1;0.875
50 50 0;0.875
50 50 1;0.875
50 55 0;0.875
50 55 1;0.875
50 60 0;0.875
50 60 1;0.875
50 65 0;0.875
50 65 1;0.875
50 70 0;0.875
50 70 1;0.875
50 75 0;0.875
50 75 1;0.875
50 80 0;0.875
50 80 1;0.875
50 85 0;0.875
50 85 1;0.875
50 90 0;0.875
50 90 1;0.875
50 95 0;0.875
50 95 1;0.875
50 100 0;0.875
50 100 1;0.875
55 0 0;0.875
55 0 1;0.875
55 5 0;0.875
55 5 1;0.875
55 10 0;0.875
55 10 1;0.875
55 15 0;0.875
55 15 1;0.875
55 20 0;0.875
55 20 1;0.875
55 25 0;0.875
55 25 1;0.875
55 30 0;0.875
55 30 1;0.875
55 35 0;0.875
55 35 1;0.875
55 40 0;0.875
55 40 1;0.875
55 45 0;0.875
55 45 1;0.875
55 50 0;0.875
55 50 1;0.875
55 55 0;0.875
55 55 1;0.875
55 60 0;0.875
55 60 1;0.875
55 65 0;0.875
55 65 1;0.875
55 70 0;0.875
55 70 1;0.875
55 75 0;0.875
55 75 1;0.875
55 80 0;0.875
55 80 1;0.875
55 85 0;0.875
55 85 1;0.875
55 90 0;0.875
55 90 1;0.875
55 95 0;0.875
55 95 1;0.875
55 100 0;0.875
55 100 1;0.875
60 0 0;0.875
60 0 1;0.875
60 5 0;0.875
60 5 1;0.875
60 10 0;0.875
60 10 1;0.875
60 15 0;0.875
60 15 1;0.875
60 20 0;0.875
60 20 1;0.875
60 25 0;0.875
60 25 1;0.875
60 30 0;0.875
60 30 1;0.875
60 35 0;0.875
60 35 1;0.875
60 40 0;0.875
60 40 1;0.875
60 45 0;0.875
60 45 1;0.875
60 50 0;0.875
60 50 1;0.875
60 55 0;0.875
60 55 1;0.875
60 60 0;0.875
60 60 1;0.875
60 65 0;0.875
60 65 1;0.875
60 70 0;0.875
60 70 1;0.875
60 75 0;0.875
60 75 1;0.875
60 80 0;0.875
60 80 1;0.875
60 85 0;0.875
60 85 1;0.875
60 90 0;0.875
60 90 1;0.875
60 95 0;0.875
60 95 1;0.875
60 100 0;0.875
60 100 1;0.875
65 0 0;0.875
65 0 1;0.875
65 5 0;0.875
65 5 1;0.875
65 10 0;0.875
65 10 1;0.875
65 15 0;0.875
65 15 1;0.875
65 20 0;0.875
65 20 1;0.875
65 25 0;0.875
65 25 1;0.875
65 30 0;0.875
65 30 1;0.875
65 35 0;0.875
65 35 1;0.875
65 40 0;0.875
65 40 1;0.875
65 45 0;0.875
65 45 1;0.875
65 50 0;0.875
65 50 1;0.875
65 55 0;0.875
65 55 1;0.875
65 60 0;0.875
65 60 1;0.875
65 65 0;0.875
65 65 1;0.875
65 70 0;0.875
65 70 1;0.875
65 75 0;0.875
65 75 1;0.875
65 80 0;0.875
65 80 1;0.875
65 85 0;0.875
65 85 1;0.875
65 90 0;0.875
65 90 1;0.875
65 95 0;0.875
65 95 1;0.875
65 100 0;0.875
65 100 1;0.875
70 0 0;0.875
70 0 1;0.875
70 5 0;0.875
70 5 1;0.875
70 10 0;0.875
70 10 1;0.875
70 15 0;0.875
70 15 1;0.875
70 20 0;0.875
70 20 1;0.875
70 25 0;0.875
70 25 1;0.875
70 30 0;0.875
70 30 1;0.875
70 35 0;0.875
70 35 1;0.875
70 40 0;0.875
70 40 1;0.875
70 45 0;0.875
70 45 1;0.875
70 50 0;0.875
70 50 1;0.875
70 55 0;0.875
70 55 1;0.875
70 60 0;0.875
70 60 1;0.875
70 65 0;0.875
70 65 1;0.875
70 70 0;0.875
70 70 1;0.875
70 75 0;0.875
70 75 1;0.875
70 80 0;0.875
70 80 1;0.875
70 85 0;0.875
70 85 1;0.875
70 90 0;0.875
70 90 1;0.875
70 95 0;0.875
70 95 1;0.875
70 100 0;0.875
70 100 1;0.875
75 0 0;0.875
75 0 1;0.875
75 5 0;0.875
75 5 1;0.875
75 10 0;0.875
75 10 1;0.875
75 15 0;0.875
75 15 1;0.875
75 20 0;0.875
75 20 1;0.875
75 25 0;0.875
75 25 1;0.875
75 30 0;0.875
75 30 1;0.875
75 35 0;0.875
75 35 1;0.875
75 40 0;0.875
75 40 1;0.875
75 45 0;0.875
75 45 1;0.875
75 50 0;0.875
75 50 1;0.875
75 55 0;0.875
75 55 1;0.875
75 60 0;0.875
75 60 1;0.875
75 65 0;0.875
75 65 1;0.875
75 70 0;0.875
75 70 1;0.875
75 75 0;0.875
75 75 1;0.875
75 80 0;0.875
75 80 1;0.875
75 85 0;0.875
75 85 1;0.875
75 90 0;0.875
75 90 1;0.875
75 95 0;0.875
75 95 1;0.875
75 100 0;0.875
75 100 1;0.875
80 0 0;0.875
80 0 1;0.875
80 5 0;0.875
80 5 1;0.875
80 10 0;0.875
80 10 1;0.875
80 15 0;0.875
80 15 1;0.875
80 20 0;0.875
80 20 1;0.875
80 25 0;0.875
80 25 1;0.875
80 30 0;0.875
80 30 1;0.875
80 35 0;0.875
80 35 1;0.875
80 40 0;0.875
80 40 1;0.875
80 45 0;0.875
80 45 1;0.875
80 50 0;0.875
80 50 1;0.875
80 55 0;0.875
80 55 1;0.875
80 60 0;0.875
80 60 1;0.875
80 65 0;0.875
80 65 1;0.875
80 70 0;0.875
80 70 1;0.875
80 75 0;0.875
80 75 1;0.875
80 80 0;0.875
80 80 1;0.875
80 85 0;0.875
80 85 1;0.875
80 90 0;0.875
80 90 1;0.875
80 95 0;0.875
80 95 1;0.875
80 100 0;0.875
80 100 1;0.875
85 0 0;0.875
85 0 1;0.875
85 5 0;0.875
85 5 1;0.875
85 10 0;0.875
85 10 1;0.875
85 15 0;0.875
85 15 1;0.875
85 20 0;0.875
85 20 1;0.875
85 25 0;0.875
85 25 1;0.875
85 30 0;0.875
85 30 1;0.875
85 35 0;0.875
85 35 1;0.875
85 40 0;0.875
85 40 1;0.875
85 45 0;0.875
85 45 1;0.875
85 50 0;0.875
85 50 1;0.875
85 55 0;0.875
85 55 1;0.875
85 60 0;0.875
85 60 1;0.875
85 65 0;0.875
85 65 1;0.875
85 70 0;0.875
85 70 1;0.875
85 75 0;0.875
85 75 1;0.875
85 80 0;0.875
85 80 1;0.875
85 85 0;0.875
85 85 1;0.875
85 90 0;0.875
85 90 1;0.875
85 95 0;0.875
85 95 1;0.875
85 100 0;0.875
85 100 1;0.875
90 0 0;0.875
90 0 1;0.875
90 5 0;0.875
90 5 1;0.875
90 10 0;0.875
90 10 1;0.875
90 15 0;0.875
90 15 1;0.875
90 20 0;0.875
90 20 1;0.875
90 25 0;0.875
90 25 1;0.875
90 30 0;0.875
90 30 1;0.875
90 35 0;0.875
90 35 1;0.875
90 40 0;0.875
90 40 1;0.875
90 45 0;0.875
90 45 1;0.875
90 50 0;0.875
90 50 1;0.875
90 55 0;0.875
90 55 1;0.875
90 60 0;0.875
90 60 1;0.875
90 65 0;0.875
90 65 1;0.875
90 70 0;0.875
90 70 1;0.875
90 75 0;0.875
90 75 1;0.875
90 80 0;0.875
90 80 1;0.875
90 85 0;0.875
90 85 1;0.875
90 90 0;0.875
90 90 1;0.875
90 95 0;0.875
90 95 1;0.875
90 100 0;0.875
90 100 1;0.875
95 0 0;0.875
95 0 1;0.875
95 5 0;0.875
95 5 1;0.875
95 10 0;0.875
95 10 1;0.875
95 15 0;0.875
95 15 1;0.875
95 20 0;0.875
95 20 1;0.875
95 25 0;0.875
95 25 1;0.875
95 30 0;0.875
95 30 1;0.875
95 35 0;0.875
95 35 1;0.875
95 40 0;0.875
95 40 1;0.875
95 45 0;0.875
95 45 1;0.875
95 50 0;0.875
95 50 1;0.875
95 55 0;0.875
95 55 1;0.875
95 60 0;0.875
95 60 1;0.875
95 65 0;0.875
95 65 1;0.875
95 70 0;0.875
95 70 1;0.875
95 75 0;0.875
95 75 1;0.875
95 80 0;0.875
95 80 1;0.875
95 85 0;0.875
95 85 1;0.875
95 90 0;0.875
95 90 1;0.875
95 95 0;0.875
95 95 1;0.875
95 100 0;0.875
95 100 1;0.875
100 0 0;0.875
100 0 1;0.875
100 5 0;0.875
100 5 1;0.875
100 10 0;0.875
100 10 1;0.875
100 15 0;0.875
100 15 1;0.875
100 20 0;0.875
100 20 1;0.875
100 25 0;0.875
100 25 1;0.875
100 30 0;0.875
100 30 1;0.875
100 35 0;0.875
100 35 1;0.875
100 40 0;0.875
100 40 1;0.875
100 45 0;0.875
100 45 1;0.875
100 50 0;0.875
100 50 1;0.875
100 55 0;0.875
100 55 1;0.875
100 60 0;0.875
100 60 1;0.875
100 65 0;0.875
100 65 1;0.875
100 70 0;0.875
100 70 1;0.875
100 75 0;0.875
100 75 1;0.875
100 80 0;0.875
100 80 1;0.875
100 85 0;0.875
100 85 1;0.875
100 90 0;0.875
100 90 1;0.875
100 95 0;0.875
100 95 1;0.875
100 100 0;0.875
100 100 1;0.875
