RIGHT;1293.0;52.4976;0.0;
LEFT;1293.0;51.5461;0.0;
LEFT;1293.0;52.4976;0.0;
RIGHT;1293.0;51.5461;0.0;
RIGHT;1293.0;52.4976;0.0;
LEFT;1293.0;51.5461;0.0;
LEFT;1293.0;52.4976;0.0;
RIGHT;1293.0;51.5461;0.0;
LEFT;1293.0;52.4976;0.0;
LEFT;1293.0;51.5461;0.0;
LEFT;1293.0;50.5964;0.0;
LEFT;1293.0;49.6488;0.0;
LEFT;1293.0;48.7032;0.0;
LEFT;1293.0;47.7598;0.0;
DOWN;1293.0;46.8188;0.0;
DOWN;1293.0;46.4866;0.0;
DOWN;1293.0;46.1736;0.0;
DOWN;1293.0;45.8803;0.0;
DOWN;1293.0;45.607;0.0;
DOWN;1293.0;45.3542;0.0;
DOWN;1293.0;45.1221;0.0;
DOWN;1293.0;44.911;0.0;
DOWN;1293.0;44.7214;0.0;
DOWN;1293.0;44.5533;0.0;
DOWN;1293.0;44.4072;0.0;
DOWN;1293.0;44.2832;0.0;
LEFT;1293.0;44.1814;0.0;
LEFT;1293.0;43.1856;0.0;
LEFT;1293.0;42.19;0.0;
LEFT;1293.0;41.1947;0.0;
LEFT;1293.0;40.1995;0.0;
LEFT;1293.0;39.2046;0.0;
LEFT;1293.0;38.2099;0.0;
LEFT;1293.0;37.2156;0.0;
LEFT;1293.0;36.2215;0.0;
LEFT;1293.0;35.2278;0.0;
LEFT;1293.0;34.2345;0.0;
LEFT;1293.0;33.2415;0.0;
DOWN;1293.0;32.249;0.0;
DOWN;1293.0;32.1403;0.0;
DOWN;64.56;32.0624;0.0;
DOWN;65.2534;32.0156;0.0;
DOWN;65.9697;32.0;0.0;
DOWN;66.7083;32.0156;0.0;
DOWN;67.4685;32.0624;0.0;
DOWN;68.2495;32.1403;0.0;
DOWN;69.0507;32.249;0.0;
DOWN;69.8713;32.3883;0.0;
DOWN;70.7107;32.5576;0.0;
DOWN;71.5681;32.7567;0.0;
LEFT;72.4431;32.9848;0.0;
LEFT;72.4431;32.0156;0.0;
LEFT;72.4431;31.0483;0.0;
LEFT;72.4431;30.0832;0.0;
LEFT;72.4431;29.1204;0.0;
LEFT;72.4431;28.1603;0.0;
LEFT;72.4431;27.2029;0.0;
LEFT;72.4431;26.2488;0.0;
LEFT;72.4431;25.2982;0.0;
LEFT;71.5681;24.3516;0.0;
LEFT;70.7107;23.4094;0.0;
LEFT;69.8713;22.4722;0.0;
UP;69.0507;21.5407;0.0;
UP;67.082;21.1896;0.0;
UP;65.1153;20.8806;0.0;
UP;63.1506;20.6155;0.0;
UP;61.1882;20.3961;0.0;
UP;59.2284;20.2237;0.0;
UP;57.2713;20.0998;0.0;
UP;55.3173;20.025;0.0;
UP;53.3667;20.0;0.0;
UP;51.4198;20.025;0.0;
UP;49.4773;20.0998;0.0;
UP;47.5395;20.2237;0.0;
UP;45.607;20.3961;0.0;
UP;43.6807;20.6155;0.0;
UP;41.7612;20.8806;0.0;
UP;39.8497;21.1896;0.0;
UP;37.9473;21.5407;0.0;
UP;36.0555;21.9317;0.0;
UP;34.176;22.3607;0.0;
UP;32.311;22.8254;0.0;
UP;30.4631;23.3238;0.0;
UP;29.9666;23.8537;0.0;
UP;29.5296;24.4131;0.0;
UP;29.1548;25.0;0.0;
RIGHT;28.8444;25.6125;0.0;
RIGHT;28.8444;26.4008;0.0;
RIGHT;28.8444;27.2029;0.0;
RIGHT;28.8444;28.0179;0.0;
RIGHT;28.8444;28.8444;0.0;
RIGHT;28.8444;29.6816;0.0;
RIGHT;28.8444;30.5287;0.0;
RIGHT;28.8444;31.3847;0.0;
RIGHT;28.8444;32.249;0.0;
RIGHT;27.4591;33.121;0.0;
RIGHT;26.0768;34.0;0.0;
RIGHT;24.6982;34.8855;0.0;
UP;23.3238;35.7771;0.0;
UP;21.6333;36.2353;0.0;
UP;20.0;36.7151;0.0;
UP;18.4391;37.2156;0.0;
DOWN;16.9706;37.7359;0.0;
DOWN;16.9706;37.2156;0.0;
DOWN;16.9706;36.7151;0.0;
DOWN;16.9706;36.2353;0.0;
RIGHT;16.9706;35.7771;0.0;
LEFT;15.6205;36.6742;0.0;
RIGHT;15.6205;35.7771;0.0;
LEFT;14.4222;36.6742;0.0;
RIGHT;14.4222;35.7771;0.0;
LEFT;13.4164;36.6742;0.0;
RIGHT;13.4164;35.7771;0.0;
LEFT;12.6491;36.6742;0.0;
UP;12.6491;35.7771;0.0;
UP;11.4018;36.2353;0.0;
UP;10.198;36.7151;0.0;
UP;9.0554;37.2156;0.0;
DOWN;8.0;37.7359;0.0;
DOWN;8.0;37.2156;0.0;
DOWN;8.0;36.7151;0.0;
DOWN;8.0;36.2353;0.0;
LEFT;8.0;35.7771;0.0;
LEFT;7.0711;34.8855;0.0;
LEFT;6.3246;34.0;0.0;
LEFT;5.831;33.121;0.0;
LEFT;5.6569;32.249;0.0;
LEFT;5.831;31.3847;0.0;
LEFT;6.3246;30.5287;0.0;
LEFT;7.0711;29.6816;0.0;
LEFT;8.0;28.8444;0.0;
LEFT;8.0;28.0179;0.0;
LEFT;8.0;27.2029;0.0;
LEFT;8.0;26.4008;0.0;
LEFT;8.0;25.6125;0.0;
LEFT;8.0;24.8395;0.0;
LEFT;8.0;24.0832;0.0;
LEFT;8.0;23.3452;0.0;
LEFT;8.0;22.6274;0.0;
LEFT;8.0;21.9317;0.0;
LEFT;8.0;21.2603;0.0;
LEFT;8.0;20.6155;0.0;
LEFT;8.0;20.0;0.0;
LEFT;7.6158;19.4165;0.0;
LEFT;6.3246;18.868;0.0;
LEFT;5.099;18.3576;0.0;
LEFT;4.0;17.8885;0.0;
LEFT;3.1623;17.4642;0.0;
LEFT;2.8284;17.088;0.0;
LEFT;3.1623;16.7631;0.0;
LEFT;4.0;16.4924;0.0;
LEFT;4.0;16.2788;0.0;
LEFT;4.0;16.1245;0.0;
LEFT;4.0;16.0312;0.0;
DOWN;4.0;16.0;0.0;
DOWN;3.1623;15.0;0.0;
DOWN;2.8284;14.0;0.0;
DOWN;3.1623;13.0;0.0;
DOWN;4.0;12.0;0.0;
DOWN;4.0;11.0;0.0;
DOWN;4.0;10.0;0.0;
DOWN;4.0;9.0;0.0;
DOWN;4.0;8.0;0.0;
DOWN;4.0;7.0;0.0;
DOWN;4.0;6.0;0.0;
DOWN;4.0;5.0;0.0;
DOWN;4.0;4.0;0.0;
DOWN;4.0;3.0;0.0;
DOWN;4.0;2.0;0.0;
DOWN;4.0;1.0;0.0;
UP;1293.0;0.0;1.0;
UP;1293.0;1.0;1.0;
UP;1293.0;2.0;1.0;
UP;1293.0;3.0;1.0;
UP;1293.0;4.0;1.0;
UP;1293.0;5.0;1.0;
UP;1293.0;6.0;1.0;
UP;1293.0;7.0;1.0;
UP;1293.0;8.0;1.0;
UP;1293.0;9.0;1.0;
UP;1293.0;10.0;1.0;
UP;1293.0;11.0;1.0;
UP;1293.0;12.0;1.0;
UP;1293.0;13.0;1.0;
UP;1293.0;14.0;1.0;
UP;1293.0;15.0;1.0;
RIGHT;1293.0;16.0;1.0;
RIGHT;1293.0;16.0312;1.0;
RIGHT;1293.0;16.1245;1.0;
RIGHT;1293.0;16.2788;1.0;
RIGHT;1293.0;16.4924;1.0;
RIGHT;1293.0;16.7631;1.0;
RIGHT;1293.0;17.088;1.0;
RIGHT;1293.0;17.4642;1.0;
UP;1293.0;17.8885;1.0;
UP;1293.0;18.7883;1.0;
UP;1293.0;19.6977;1.0;
UP;1293.0;20.6155;1.0;
UP;1293.0;21.5407;1.0;
UP;1293.0;22.4722;1.0;
UP;1293.0;23.4094;1.0;
UP;1293.0;24.3516;1.0;
UP;1293.0;25.2982;1.0;
UP;1293.0;26.2488;1.0;
UP;1293.0;27.2029;1.0;
UP;1293.0;28.1603;1.0;
RIGHT;1293.0;29.1204;1.0;
RIGHT;1293.0;29.4109;1.0;
RIGHT;1293.0;29.7321;1.0;
RIGHT;1293.0;30.0832;1.0;
RIGHT;1293.0;30.4631;1.0;
RIGHT;1293.0;30.8707;1.0;
RIGHT;1293.0;31.305;1.0;
RIGHT;1293.0;31.7648;1.0;
RIGHT;1293.0;32.249;1.0;
RIGHT;1293.0;32.7567;1.0;
RIGHT;1293.0;33.2866;1.0;
RIGHT;47.5079;33.8378;1.0;
RIGHT;46.2277;34.4093;1.0;
RIGHT;45.0;35.0;1.0;
RIGHT;43.8292;35.609;1.0;
RIGHT;42.72;36.2353;1.0;
RIGHT;41.6773;36.8782;1.0;
RIGHT;40.7063;37.5366;1.0;
RIGHT;39.8121;38.2099;1.0;
RIGHT;39.0;38.8973;1.0;
RIGHT;38.2753;39.598;1.0;
RIGHT;37.6431;40.3113;1.0;
RIGHT;37.108;41.0366;1.0;
RIGHT;36.6742;41.7732;1.0;
RIGHT;36.3456;42.5206;1.0;
RIGHT;36.1248;43.2782;1.0;
RIGHT;36.0139;44.0454;1.0;
RIGHT;36.0139;44.8219;1.0;
RIGHT;36.1248;45.607;1.0;
RIGHT;36.1248;46.4004;1.0;
RIGHT;35.5106;47.2017;1.0;
RIGHT;34.7131;48.0104;1.0;
RIGHT;33.9559;48.8262;1.0;
RIGHT;33.2415;49.6488;1.0;
RIGHT;32.573;50.4777;1.0;
RIGHT;31.9531;51.3128;1.0;
UP;31.3847;52.1536;1.0;
UP;29.5466;52.6972;1.0;
UP;27.7308;53.2541;1.0;
UP;25.9422;53.8238;1.0;
UP;24.1868;54.4059;1.0;
UP;22.4722;55.0;1.0;
UP;20.8087;55.6058;1.0;
UP;19.2094;56.2228;1.0;
UP;17.6918;56.8507;1.0;
UP;16.2788;57.4891;1.0;
UP;15.0;58.1378;1.0;
UP;13.8924;58.7963;1.0;
RIGHT;13.0;59.4643;1.0;
RIGHT;13.6015;60.208;1.0;
RIGHT;14.3178;60.959;1.0;
RIGHT;15.1327;61.7171;1.0;
RIGHT;16.0312;62.482;1.0;
RIGHT;17.0;63.2535;1.0;
RIGHT;17.0;64.0312;1.0;
RIGHT;17.0;63.2535;1.0;
RIGHT;17.0;62.482;1.0;
RIGHT;17.0;61.7171;1.0;
RIGHT;17.0;60.959;1.0;
RIGHT;17.0;60.208;1.0;
RIGHT;17.0;59.4643;1.0;
RIGHT;17.0;58.7282;1.0;
RIGHT;17.0;58.0;1.0;
RIGHT;17.0;57.28;1.0;
RIGHT;17.0;56.5685;1.0;
RIGHT;17.0;55.8659;1.0;
RIGHT;17.0;55.1725;1.0;
RIGHT;17.0;54.4885;1.0;
RIGHT;17.0;53.8145;1.0;
RIGHT;17.0;53.1507;1.0;
RIGHT;17.0;52.4976;1.0;
RIGHT;17.0;51.8556;1.0;
UP;17.0;51.225;1.0;
UP;16.0312;52.0096;1.0;
UP;15.1327;52.8015;1.0;
UP;14.3178;53.6004;1.0;
UP;13.6015;54.4059;1.0;
UP;13.0;55.2178;1.0;
UP;12.53;56.0357;1.0;
UP;12.2066;56.8595;1.0;
UP;12.0416;57.6888;1.0;
UP;12.0416;58.5235;1.0;
UP;12.2066;59.3633;1.0;
UP;12.53;58.5235;1.0;
UP;13.0;57.6888;1.0;
UP;13.6015;56.8595;1.0;
UP;14.3178;56.0357;1.0;
UP;15.1327;55.2178;1.0;
UP;16.0312;54.4059;1.0;
UP;17.0;53.6004;1.0;
UP;17.0;52.8015;1.0;
UP;17.0;52.0096;1.0;
UP;17.0;51.225;1.0;
UP;17.0;50.448;1.0;
UP;17.0;49.679;1.0;
UP;17.0;48.9183;1.0;
UP;17.0;48.1664;1.0;
UP;17.0;47.4236;1.0;
UP;17.0;46.6905;1.0;
UP;17.0;45.9674;1.0;
UP;17.0;45.2548;0.0;
UP;17.0;44.5533;0.0;
UP;17.0;43.8634;0.0;
UP;17.0;43.1856;0.0;
UP;17.0;42.5206;0.0;
UP;17.0;41.8688;0.0;
UP;17.0;41.2311;0.0;
UP;17.0;40.6079;0.0;
LEFT;17.0;40.0;0.0;
LEFT;16.0312;40.8044;0.0;
LEFT;15.1327;41.6173;0.0;
LEFT;14.3178;42.4382;0.0;
LEFT;13.6015;43.2666;0.0;
LEFT;13.0;44.1022;0.0;
LEFT;12.53;44.9444;0.0;
LEFT;12.2066;45.793;0.0;
LEFT;12.0416;46.6476;0.0;
LEFT;12.0416;47.5079;0.0;
LEFT;12.2066;48.3735;0.0;
LEFT;12.53;49.2443;0.0;
UP;13.0;50.1199;0.0;
UP;13.0;49.6488;0.0;
UP;13.0;49.1935;0.0;
UP;13.0;48.7545;0.0;
UP;13.0;48.3322;0.0;
UP;13.0;47.927;0.0;
UP;12.53;47.5395;0.0;
UP;12.2066;47.1699;0.0;
UP;12.0416;46.8188;0.0;
UP;12.0416;46.4866;0.0;
UP;12.2066;46.1736;0.0;
UP;12.53;45.8803;0.0;
UP;13.0;45.607;0.0;
UP;13.6015;45.3542;0.0;
UP;14.3178;45.1221;0.0;
UP;15.1327;44.911;0.0;
RIGHT;16.0312;44.7214;0.0;
RIGHT;16.0312;43.7379;0.0;
RIGHT;15.1327;42.7551;0.0;
RIGHT;14.3178;41.7732;0.0;
RIGHT;13.6015;40.7922;0.0;
RIGHT;13.0;39.8121;0.0;
RIGHT;12.53;38.833;0.0;
RIGHT;12.2066;37.855;0.0;
RIGHT;12.0416;36.8782;0.0;
RIGHT;12.0416;35.9026;0.0;
RIGHT;12.2066;34.9285;0.0;
RIGHT;12.53;33.9559;0.0;
UP;13.0;32.9848;0.0;
UP;13.0;32.7567;0.0;
UP;13.0;32.5576;0.0;
UP;13.0;32.3883;0.0;
UP;13.0;32.249;0.0;
UP;13.0;32.1403;0.0;
UP;12.53;32.0624;0.0;
UP;12.2066;32.0156;0.0;
UP;12.0416;32.0;0.0;
UP;12.0416;32.0156;0.0;
UP;12.2066;32.0624;0.0;
UP;12.53;32.1403;0.0;
LEFT;13.0;32.249;0.0;
LEFT;12.3693;33.2415;0.0;
LEFT;12.0416;34.2345;0.0;
LEFT;12.0416;35.2278;0.0;
LEFT;12.3693;36.2215;0.0;
LEFT;12.3693;37.2156;0.0;
LEFT;12.0416;38.2099;0.0;
LEFT;12.0416;39.2046;0.0;
LEFT;12.0416;40.1995;0.0;
LEFT;12.0416;41.1947;0.0;
LEFT;12.0416;42.19;0.0;
LEFT;12.0416;43.1856;0.0;
LEFT;12.3693;44.1814;0.0;
LEFT;13.0;45.1774;0.0;
LEFT;13.8924;46.1736;0.0;
LEFT;15.0;47.1699;0.0;
LEFT;16.0312;48.1664;0.0;
LEFT;17.0;49.163;0.0;
LEFT;17.0;50.1597;0.0;
LEFT;17.0;49.163;0.0;
LEFT;17.0;48.1664;0.0;
LEFT;17.0;47.1699;0.0;
LEFT;17.0;46.1736;0.0;
LEFT;17.0;45.1774;0.0;
LEFT;17.0;44.1814;0.0;
LEFT;17.0;43.1856;0.0;
LEFT;17.0;42.19;0.0;
LEFT;17.0;41.1947;0.0;
LEFT;17.0;40.1995;0.0;
LEFT;17.0;39.2046;0.0;
LEFT;17.0;38.2099;0.0;
LEFT;17.0;37.2156;0.0;
LEFT;17.0;36.2215;0.0;
LEFT;17.0;35.2278;0.0;
LEFT;17.0;34.2345;0.0;
LEFT;17.0;33.2415;0.0;
DOWN;17.0;32.249;0.0;
DOWN;16.0312;32.1403;0.0;
DOWN;15.1327;32.0624;0.0;
DOWN;14.3178;32.0156;0.0;
DOWN;13.6015;32.0;0.0;
DOWN;13.0;32.0156;0.0;
DOWN;12.53;32.0624;0.0;
DOWN;12.2066;32.1403;0.0;
DOWN;12.0416;32.249;0.0;
DOWN;12.0416;32.3883;0.0;
DOWN;12.2066;32.5576;0.0;
DOWN;12.53;32.7567;0.0;
RIGHT;13.0;32.9848;0.0;
LEFT;12.3693;33.9559;0.0;
LEFT;12.3693;32.9848;0.0;
LEFT;12.3693;32.0156;0.0;
LEFT;12.3693;31.0483;0.0;
LEFT;12.3693;30.0832;0.0;
LEFT;11.7047;29.1204;0.0;
LEFT;11.1803;28.1603;0.0;
LEFT;10.8167;27.2029;0.0;
LEFT;10.6301;26.2488;0.0;
LEFT;10.6301;25.2982;0.0;
LEFT;10.8167;24.3516;0.0;
LEFT;11.1803;23.4094;0.0;
LEFT;11.7047;22.4722;0.0;
UP;12.3693;21.5407;0.0;
UP;12.0416;21.1896;0.0;
UP;12.0416;20.8806;0.0;
UP;12.3693;20.6155;0.0;
UP;11.7047;20.3961;0.0;
UP;11.1803;20.2237;0.0;
UP;10.8167;20.0998;0.0;
UP;10.6301;20.025;0.0;
UP;10.6301;20.0;0.0;
UP;10.8167;20.025;0.0;
UP;11.1803;20.0998;0.0;
UP;11.7047;20.2237;0.0;
LEFT;12.3693;20.3961;0.0;
LEFT;12.3693;19.4165;0.0;
LEFT;12.3693;18.4391;0.0;
LEFT;12.3693;17.4642;0.0;
RIGHT;13.6015;16.4924;0.0;
RIGHT;14.3178;17.4642;0.0;
RIGHT;15.1327;18.4391;0.0;
RIGHT;16.0312;19.4165;0.0;
DOWN;16.2788;20.3961;0.0;
DOWN;14.8661;20.2237;0.0;
DOWN;13.4536;20.0998;0.0;
DOWN;12.0416;20.025;0.0;
UP;10.6301;20.0;0.0;
UP;10.8167;20.025;0.0;
UP;11.1803;20.0998;0.0;
UP;11.7047;20.2237;0.0;
LEFT;12.3693;20.3961;0.0;
LEFT;12.3693;19.4165;0.0;
LEFT;12.3693;18.4391;0.0;
LEFT;12.3693;17.4642;0.0;
LEFT;11.7047;16.4924;0.0;
LEFT;11.1803;15.5242;0.0;
LEFT;10.8167;14.5602;0.0;
LEFT;10.6301;13.6015;0.0;
LEFT;10.6301;12.6491;0.0;
LEFT;10.8167;11.7047;0.0;
LEFT;11.1803;10.7703;0.0;
LEFT;11.7047;9.8489;0.0;
LEFT;12.3693;8.9443;0.0;
LEFT;13.1529;8.0623;0.0;
LEFT;14.0357;7.2111;0.0;
LEFT;15.0;6.4031;0.0;
LEFT;15.0;5.6569;0.0;
LEFT;15.0;5.0;0.0;
LEFT;15.0;4.4721;0.0;
LEFT;15.0;4.1231;0.0;
DOWN;15.0;4.0;0.0;
DOWN;14.0357;3.0;0.0;
DOWN;13.1529;2.0;0.0;
DOWN;12.3693;1.0;0.0;
UP;1293.0;0.0;1.0;
UP;1293.0;1.0;1.0;
UP;1293.0;2.0;1.0;
UP;1293.0;3.0;1.0;
RIGHT;1293.0;4.0;1.0;
RIGHT;1293.0;4.1231;1.0;
RIGHT;1293.0;4.4721;1.0;
RIGHT;1293.0;5.0;1.0;
RIGHT;1293.0;5.6569;1.0;
RIGHT;1293.0;6.4031;1.0;
RIGHT;1293.0;7.2111;1.0;
RIGHT;1293.0;8.0623;1.0;
RIGHT;1293.0;8.9443;1.0;
RIGHT;1293.0;9.8489;1.0;
RIGHT;1293.0;10.7703;1.0;
RIGHT;1293.0;11.7047;1.0;
RIGHT;1293.0;12.6491;1.0;
RIGHT;1293.0;13.6015;1.0;
RIGHT;1293.0;14.5602;1.0;
RIGHT;1293.0;15.5242;1.0;
RIGHT;1293.0;16.4924;1.0;
RIGHT;1293.0;17.4642;1.0;
RIGHT;1293.0;18.4391;1.0;
RIGHT;1293.0;19.4165;1.0;
DOWN;1293.0;20.3961;1.0;
DOWN;1293.0;20.2237;1.0;
DOWN;1293.0;20.0998;1.0;
DOWN;1293.0;20.025;1.0;
DOWN;1293.0;20.0;1.0;
DOWN;1293.0;20.025;1.0;
DOWN;1293.0;20.0998;1.0;
DOWN;1293.0;20.2237;1.0;
DOWN;1293.0;20.3961;1.0;
DOWN;1293.0;20.6155;1.0;
DOWN;1293.0;20.8806;1.0;
DOWN;1293.0;21.1896;1.0;
LEFT;1293.0;21.5407;1.0;
LEFT;1293.0;20.6155;1.0;
LEFT;1293.0;19.6977;1.0;
LEFT;1293.0;18.7883;1.0;
LEFT;1293.0;17.8885;1.0;
LEFT;1293.0;17.0;1.0;
LEFT;1293.0;16.1245;1.0;
LEFT;1293.0;15.2643;1.0;
LEFT;1293.0;14.4222;1.0;
LEFT;1293.0;13.6015;1.0;
LEFT;1293.0;12.8062;1.0;
LEFT;1293.0;12.0416;1.0;
DOWN;1293.0;11.3137;1.0;
DOWN;1293.0;12.0416;1.0;
DOWN;1293.0;12.8062;1.0;
DOWN;1293.0;13.6015;1.0;
DOWN;1293.0;14.4222;1.0;
DOWN;1293.0;15.2643;1.0;
DOWN;1293.0;16.1245;1.0;
DOWN;1293.0;17.0;1.0;
DOWN;1293.0;17.8885;1.0;
DOWN;1293.0;18.7883;1.0;
DOWN;1293.0;19.6977;1.0;
DOWN;1293.0;20.6155;1.0;
DOWN;1293.0;21.5407;1.0;
DOWN;1293.0;22.4722;1.0;
DOWN;1293.0;23.4094;1.0;
DOWN;1293.0;24.3516;1.0;
LEFT;1293.0;25.2982;1.0;
LEFT;1293.0;25.0;1.0;
LEFT;1293.0;24.7386;1.0;
LEFT;1293.0;24.5153;1.0;
LEFT;1293.0;24.3311;1.0;
LEFT;48.5077;24.1868;1.0;
LEFT;48.5077;24.0832;1.0;
LEFT;48.5077;24.0208;1.0;
LEFT;48.5077;24.0;1.0;
LEFT;48.5077;24.0208;1.0;
LEFT;48.5077;24.0832;1.0;
LEFT;48.5077;24.1868;1.0;
LEFT;48.5077;24.3311;1.0;
LEFT;63.1506;24.3311;1.0;
LEFT;63.1506;24.1868;1.0;
LEFT;63.1506;24.0832;1.0;
LEFT;63.1506;24.0208;1.0;
LEFT;63.1506;24.0;1.0;
LEFT;63.1506;24.0208;1.0;
LEFT;63.1506;24.0832;1.0;
LEFT;63.1506;24.1868;1.0;
LEFT;63.1506;24.3311;1.0;
LEFT;63.1506;24.5153;1.0;
LEFT;63.1506;24.7386;1.0;
LEFT;63.1506;25.0;1.0;
UP;63.1506;25.2982;1.0;
UP;64.3273;24.3516;1.0;
UP;65.5134;23.4094;1.0;
UP;66.7083;22.4722;1.0;
UP;67.9117;21.5407;1.0;
UP;69.1231;20.6155;1.0;
UP;70.342;19.6977;1.0;
UP;71.5681;18.7883;1.0;
UP;72.8011;17.8885;1.0;
UP;74.0405;17.0;1.0;
UP;75.2861;16.1245;1.0;
UP;76.5376;15.2643;1.0;
UP;77.7946;14.4222;1.0;
UP;79.0569;13.6015;1.0;
UP;80.3243;12.8062;1.0;
UP;81.5966;12.0416;1.0;
RIGHT;82.8734;11.3137;1.0;
RIGHT;84.7585;10.6301;1.0;
RIGHT;86.6487;10.0;1.0;
RIGHT;88.5438;9.434;1.0;
RIGHT;90.4434;8.9443;1.0;
RIGHT;92.3472;8.544;1.0;
RIGHT;94.255;8.2462;1.0;
RIGHT;95.5092;8.0623;0.0;
LEFT;96.7678;8.0;0.0;
LEFT;96.1353;8.0623;0.0;
LEFT;95.5196;8.2462;0.0;
LEFT;94.921;8.544;0.0;
LEFT;94.3398;8.9443;0.0;
LEFT;93.7763;9.434;0.0;
LEFT;93.2309;10.0;0.0;
LEFT;92.7038;10.6301;0.0;
LEFT;92.1954;11.3137;0.0;
LEFT;91.7061;12.0416;0.0;
LEFT;91.236;12.8062;0.0;
LEFT;90.7855;13.6015;0.0;
LEFT;90.3549;14.4222;0.0;
LEFT;89.9444;15.2643;0.0;
LEFT;89.5545;16.1245;0.0;
LEFT;89.1852;17.0;0.0;
LEFT;88.8369;17.8885;0.0;
LEFT;88.5099;18.7883;0.0;
LEFT;88.2043;19.6977;0.0;
LEFT;87.9204;20.6155;0.0;
DOWN;87.6584;21.5407;0.0;
DOWN;87.6584;21.9317;0.0;
DOWN;87.6584;22.3607;0.0;
DOWN;87.9204;22.8254;0.0;
DOWN;88.2043;23.3238;0.0;
DOWN;88.5099;23.8537;0.0;
DOWN;88.8369;24.4131;0.0;
DOWN;89.1852;25.0;0.0;
DOWN;89.5545;25.6125;0.0;
DOWN;89.9444;26.2488;0.0;
DOWN;90.3549;26.9072;0.0;
DOWN;90.7855;27.5862;0.0;
DOWN;91.236;28.2843;0.0;
DOWN;91.7061;29.0;0.0;
DOWN;92.1954;29.7321;0.0;
DOWN;44.1022;30.4795;0.0;
LEFT;42.72;31.241;0.0;
LEFT;42.72;31.8904;0.0;
LEFT;30.4631;32.5576;0.0;
LEFT;28.6356;33.2415;0.0;
LEFT;26.8328;33.9411;0.0;
LEFT;25.0599;34.6554;0.0;
LEFT;23.3238;35.3836;0.0;
LEFT;21.6333;36.1248;0.0;
LEFT;20.0;36.8782;0.0;
LEFT;18.4391;37.6431;0.0;
LEFT;16.9706;38.4187;0.0;
LEFT;15.6205;39.2046;0.0;
DOWN;14.4222;40.0;0.0;
DOWN;13.0384;40.6079;0.0;
DOWN;11.6619;41.2311;0.0;
DOWN;10.2956;41.8688;0.0;
DOWN;8.9443;42.5206;0.0;
DOWN;7.6158;43.1856;0.0;
DOWN;6.3246;43.8634;0.0;
DOWN;5.099;44.5533;0.0;
UP;4.0;45.2548;0.0;
UP;4.0;44.5533;0.0;
UP;4.0;43.8634;0.0;
UP;4.0;43.1856;0.0;
UP;4.0;42.5206;0.0;
UP;4.0;41.8688;0.0;
UP;4.0;41.2311;0.0;
UP;4.0;40.6079;0.0;
RIGHT;4.0;40.0;0.0;
RIGHT;3.1623;39.2046;0.0;
RIGHT;2.8284;38.4187;0.0;
RIGHT;3.1623;37.6431;0.0;
RIGHT;4.0;36.8782;0.0;
RIGHT;4.0;36.1248;0.0;
RIGHT;4.0;35.3836;0.0;
RIGHT;4.0;34.6554;0.0;
RIGHT;4.0;33.9411;0.0;
RIGHT;4.0;33.2415;0.0;
RIGHT;4.0;32.5576;0.0;
RIGHT;4.0;31.8904;0.0;
UP;4.0;31.241;0.0;
UP;3.1623;30.4795;0.0;
UP;2.8284;29.7321;0.0;
UP;3.1623;29.0;0.0;
UP;4.0;28.2843;0.0;
UP;4.0;27.5862;0.0;
UP;4.0;26.9072;0.0;
UP;4.0;26.2488;0.0;
UP;4.0;25.6125;0.0;
UP;4.0;25.0;0.0;
UP;4.0;24.4131;0.0;
UP;4.0;23.8537;0.0;
UP;4.0;23.3238;0.0;
UP;4.0;22.8254;0.0;
UP;4.0;22.3607;0.0;
UP;4.0;21.9317;0.0;
UP;4.0;21.5407;0.0;
UP;4.0;21.1896;0.0;
UP;4.0;20.8806;0.0;
UP;4.0;20.6155;0.0;
UP;4.0;20.3961;0.0;
UP;4.0;20.2237;0.0;
UP;4.0;20.0998;0.0;
UP;4.0;20.025;0.0;
UP;4.0;20.0;0.0;
UP;4.0;20.025;0.0;
UP;4.0;20.0998;0.0;
UP;4.0;20.2237;0.0;
RIGHT;4.0;20.3961;0.0;
RIGHT;3.1623;19.4165;0.0;
RIGHT;2.8284;18.4391;0.0;
RIGHT;3.1623;17.4642;0.0;
RIGHT;4.0;16.4924;0.0;
RIGHT;4.0;15.5242;0.0;
RIGHT;4.0;14.5602;0.0;
RIGHT;4.0;13.6015;0.0;
RIGHT;4.0;12.6491;0.0;
RIGHT;4.0;11.7047;0.0;
RIGHT;4.0;10.7703;0.0;
RIGHT;4.0;9.8489;0.0;
RIGHT;4.0;8.9443;0.0;
RIGHT;4.0;8.0623;0.0;
RIGHT;4.0;7.2111;0.0;
RIGHT;4.0;6.4031;0.0;
RIGHT;4.0;5.6569;0.0;
RIGHT;4.0;5.0;0.0;
RIGHT;4.0;4.4721;0.0;
RIGHT;4.0;4.1231;0.0;
DOWN;4.0;4.0;0.0;
DOWN;3.1623;3.0;0.0;
DOWN;2.8284;2.0;0.0;
DOWN;3.1623;1.0;0.0;
UP;1293.0;0.0;1.0;
UP;1293.0;1.0;1.0;
UP;1293.0;2.0;1.0;
UP;1293.0;3.0;1.0;
LEFT;1293.0;4.0;1.0;
LEFT;1293.0;4.1231;1.0;
LEFT;1293.0;4.4721;1.0;
LEFT;1293.0;5.0;1.0;
LEFT;1293.0;5.6569;0.0;
LEFT;1293.0;6.4031;0.0;
RIGHT;1293.0;7.2111;0.0;
RIGHT;1293.0;6.4031;0.0;
RIGHT;1293.0;5.6569;0.0;
RIGHT;1293.0;5.0;0.0;
RIGHT;1293.0;4.4721;0.0;
RIGHT;1293.0;4.1231;0.0;
DOWN;1293.0;4.0;0.0;
DOWN;1293.0;3.0;0.0;
DOWN;1293.0;2.0;0.0;
DOWN;1293.0;1.0;0.0;
DOWN;1293.0;0.0;0.0;
DOWN;1293.0;1.0;0.0;
DOWN;1293.0;2.0;0.0;
DOWN;1293.0;3.0;0.0;
DOWN;1293.0;4.0;0.0;
DOWN;1293.0;5.0;0.0;
DOWN;1293.0;6.0;0.0;
DOWN;1293.0;7.0;0.0;
LEFT;1293.0;8.0;0.0;
LEFT;1293.0;8.0623;0.0;
LEFT;1293.0;8.2462;0.0;
LEFT;1293.0;8.544;0.0;
LEFT;1293.0;8.9443;0.0;
LEFT;1293.0;9.434;0.0;
LEFT;1293.0;10.0;0.0;
LEFT;1293.0;10.6301;0.0;
DOWN;1293.0;11.3137;0.0;
DOWN;1293.0;12.0416;0.0;
DOWN;1293.0;12.8062;0.0;
DOWN;1293.0;13.6015;0.0;
DOWN;1293.0;14.4222;0.0;
DOWN;1293.0;15.2643;0.0;
DOWN;1293.0;16.1245;0.0;
DOWN;1293.0;17.0;0.0;
DOWN;1293.0;17.8885;0.0;
DOWN;1293.0;18.7883;0.0;
DOWN;1293.0;19.6977;0.0;
DOWN;45.31;20.6155;0.0;
DOWN;44.0114;21.5407;0.0;
DOWN;42.72;22.4722;0.0;
DOWN;41.4367;23.4094;0.0;
DOWN;40.1622;24.3516;0.0;
DOWN;38.8973;25.2982;0.0;
DOWN;37.6431;26.2488;0.0;
DOWN;36.4005;27.2029;0.0;
DOWN;35.171;28.1603;0.0;
DOWN;33.9559;29.1204;0.0;
DOWN;32.7567;30.0832;0.0;
DOWN;31.5753;31.0483;0.0;
DOWN;30.4138;32.0156;0.0;
DOWN;29.2746;32.9848;0.0;
DOWN;28.1603;33.9559;0.0;
DOWN;27.074;34.9285;0.0;
DOWN;26.0192;35.9026;0.0;
DOWN;25.0;36.8782;0.0;
DOWN;24.0208;37.855;0.0;
DOWN;23.0868;38.833;0.0;
DOWN;22.2036;39.8121;0.0;
DOWN;21.3776;40.7922;0.0;
DOWN;20.6155;41.7732;0.0;
DOWN;19.9249;42.7551;0.0;
DOWN;19.3132;43.7379;0.0;
DOWN;18.7883;44.7214;0.0;
DOWN;18.3576;45.7056;0.0;
DOWN;18.0278;46.6905;0.0;
DOWN;17.8045;47.676;0.0;
DOWN;17.6918;48.6621;0.0;
DOWN;17.6918;49.6488;0.0;
DOWN;17.8045;50.636;0.0;
DOWN;18.0278;49.6488;0.0;
DOWN;18.3576;48.6621;0.0;
DOWN;18.7883;47.676;0.0;
DOWN;19.3132;46.6905;0.0;
DOWN;19.9249;45.7056;0.0;
DOWN;20.6155;44.7214;0.0;
DOWN;21.3776;43.7379;0.0;
DOWN;22.2036;42.7551;0.0;
DOWN;23.0868;41.7732;0.0;
RIGHT;24.0208;40.7922;0.0;
RIGHT;24.0208;40.6079;0.0;
RIGHT;23.0868;40.4475;0.0;
RIGHT;22.2036;40.3113;0.0;
RIGHT;21.3776;40.1995;0.0;
RIGHT;20.6155;40.1123;0.0;
RIGHT;19.9249;40.05;0.0;
RIGHT;19.3132;40.0125;0.0;
RIGHT;18.7883;40.0;0.0;
RIGHT;18.3576;40.0125;0.0;
LEFT;18.0278;40.05;0.0;
LEFT;16.6433;40.0125;0.0;
LEFT;15.2643;40.0;0.0;
LEFT;13.8924;40.0125;0.0;
LEFT;12.53;40.05;0.0;
LEFT;11.1803;40.1123;0.0;
LEFT;9.8489;40.1995;0.0;
LEFT;8.544;40.3113;0.0;
LEFT;7.2801;40.4475;0.0;
LEFT;6.0828;40.6079;0.0;
DOWN;5.0;40.7922;0.0;
DOWN;5.0;39.8121;0.0;
DOWN;5.0;38.833;0.0;
DOWN;5.0;37.855;0.0;
DOWN;5.0;36.8782;0.0;
DOWN;5.0;35.9026;0.0;
DOWN;5.0;34.9285;0.0;
DOWN;5.0;33.9559;0.0;
DOWN;5.0;32.9848;0.0;
DOWN;5.0;32.0156;0.0;
DOWN;5.0;31.0483;0.0;
DOWN;5.0;30.0832;0.0;
LEFT;5.0;29.1204;0.0;
LEFT;4.1231;29.4109;0.0;
LEFT;3.6056;29.7321;0.0;
LEFT;3.6056;30.0832;0.0;
LEFT;4.1231;30.4631;0.0;
LEFT;5.0;30.8707;0.0;
LEFT;5.0;31.305;0.0;
LEFT;5.0;31.7648;0.0;
LEFT;5.0;32.249;0.0;
LEFT;5.0;32.7567;0.0;
LEFT;5.0;33.2866;0.0;
LEFT;5.0;33.8378;0.0;
LEFT;5.0;34.4093;0.0;
LEFT;5.0;35.0;0.0;
LEFT;5.0;35.609;0.0;
LEFT;5.0;36.2353;0.0;
LEFT;5.0;36.8782;0.0;
LEFT;5.0;37.5366;0.0;
LEFT;5.0;38.2099;0.0;
LEFT;5.0;38.8973;0.0;
LEFT;5.0;39.598;0.0;
LEFT;5.0;40.3113;0.0;
LEFT;5.0;41.0366;0.0;
LEFT;5.0;41.7732;0.0;
DOWN;5.0;42.5206;0.0;
DOWN;4.1231;41.8688;0.0;
DOWN;3.6056;41.2311;0.0;
DOWN;3.6056;40.6079;0.0;
DOWN;4.1231;40.0;0.0;
DOWN;5.0;39.4081;0.0;
DOWN;5.0;38.833;0.0;
DOWN;5.0;38.2753;0.0;
DOWN;5.0;37.7359;0.0;
DOWN;5.0;37.2156;0.0;
DOWN;5.0;36.7151;0.0;
DOWN;5.0;36.2353;0.0;
RIGHT;5.0;35.7771;0.0;
RIGHT;4.1231;34.8855;0.0;
RIGHT;3.6056;34.0;0.0;
RIGHT;3.6056;33.121;0.0;
RIGHT;4.1231;32.249;0.0;
RIGHT;5.0;31.3847;0.0;
RIGHT;5.0;30.5287;0.0;
RIGHT;5.0;29.6816;0.0;
RIGHT;5.0;28.8444;0.0;
RIGHT;5.0;28.0179;0.0;
RIGHT;5.0;27.2029;0.0;
RIGHT;5.0;26.4008;0.0;
RIGHT;5.0;25.6125;0.0;
RIGHT;5.0;24.8395;0.0;
RIGHT;5.0;24.0832;0.0;
RIGHT;5.0;23.3452;0.0;
RIGHT;5.0;22.6274;0.0;
RIGHT;5.0;21.9317;0.0;
RIGHT;5.0;21.2603;0.0;
RIGHT;5.0;20.6155;0.0;
RIGHT;5.0;20.0;0.0;
RIGHT;5.0;19.4165;0.0;
RIGHT;5.0;18.868;0.0;
RIGHT;5.0;18.3576;0.0;
RIGHT;5.0;17.8885;0.0;
RIGHT;5.0;17.4642;0.0;
RIGHT;5.0;17.088;0.0;
RIGHT;5.0;16.7631;0.0;
RIGHT;5.0;16.4924;0.0;
RIGHT;5.0;16.2788;0.0;
RIGHT;5.0;16.1245;0.0;
RIGHT;5.0;16.0312;0.0;
DOWN;5.0;16.0;0.0;
DOWN;4.1231;15.0;0.0;
DOWN;3.6056;14.0;0.0;
DOWN;3.6056;13.0;0.0;
DOWN;4.1231;12.0;0.0;
DOWN;5.0;11.0;0.0;
DOWN;5.0;10.0;0.0;
DOWN;5.0;9.0;0.0;
DOWN;5.0;8.0;0.0;
DOWN;5.0;7.0;0.0;
DOWN;5.0;6.0;0.0;
DOWN;5.0;5.0;0.0;
DOWN;5.0;4.0;0.0;
DOWN;5.0;3.0;0.0;
DOWN;5.0;2.0;0.0;
DOWN;5.0;1.0;0.0;
UP;1293.0;0.0;1.0;
UP;1293.0;1.0;1.0;
UP;1293.0;2.0;1.0;
UP;1293.0;3.0;1.0;
UP;1293.0;4.0;1.0;
UP;1293.0;5.0;1.0;
UP;1293.0;6.0;1.0;
UP;1293.0;7.0;1.0;
UP;1293.0;8.0;1.0;
UP;1293.0;9.0;1.0;
DOWN;1293.0;10.0;0.0;
DOWN;1293.0;9.0;0.0;
DOWN;1293.0;8.0;0.0;
DOWN;1293.0;7.0;0.0;
DOWN;1293.0;6.0;0.0;
DOWN;1293.0;5.0;0.0;
DOWN;1293.0;4.0;0.0;
DOWN;1293.0;3.0;0.0;
DOWN;1293.0;2.0;0.0;
DOWN;1293.0;1.0;0.0;
DOWN;1293.0;0.0;0.0;
DOWN;1293.0;1.0;0.0;
DOWN;1293.0;2.0;0.0;
DOWN;1293.0;3.0;0.0;
DOWN;1293.0;4.0;0.0;
DOWN;1293.0;5.0;0.0;
DOWN;1293.0;6.0;0.0;
DOWN;1293.0;7.0;0.0;
LEFT;1293.0;8.0;0.0;
LEFT;1293.0;8.0623;0.0;
LEFT;1293.0;8.2462;0.0;
LEFT;1293.0;8.544;0.0;
LEFT;1293.0;8.9443;0.0;
LEFT;1293.0;9.434;0.0;
LEFT;1293.0;10.0;0.0;
LEFT;1293.0;10.6301;0.0;
LEFT;1293.0;11.3137;0.0;
LEFT;1293.0;12.0416;0.0;
LEFT;1293.0;12.8062;0.0;
LEFT;1293.0;13.6015;0.0;
LEFT;1293.0;14.4222;0.0;
LEFT;1293.0;15.2643;0.0;
LEFT;1293.0;16.1245;0.0;
LEFT;1293.0;17.0;0.0;
LEFT;1293.0;17.8885;0.0;
LEFT;1293.0;18.7883;0.0;
LEFT;1293.0;19.6977;0.0;
LEFT;1293.0;20.6155;0.0;
LEFT;1293.0;21.5407;0.0;
LEFT;77.6209;22.4722;0.0;
LEFT;76.896;23.4094;0.0;
LEFT;76.2168;24.3516;0.0;
LEFT;75.5844;25.2982;0.0;
LEFT;75.0;26.2488;0.0;
LEFT;74.4648;27.2029;0.0;
LEFT;73.9797;28.1603;0.0;
LEFT;73.5459;29.1204;0.0;
LEFT;73.1642;30.0832;0.0;
LEFT;72.8354;31.0483;0.0;
LEFT;72.5603;32.0156;0.0;
LEFT;72.3395;32.9848;0.0;
LEFT;72.1734;33.9559;0.0;
LEFT;72.0625;34.9285;0.0;
LEFT;72.0069;35.9026;0.0;
RIGHT;72.0069;36.8782;0.0;
LEFT;72.0069;35.9026;0.0;
RIGHT;72.0625;36.8782;0.0;
LEFT;72.0625;35.9026;0.0;
RIGHT;72.1734;36.8782;0.0;
LEFT;72.1734;35.9026;0.0;
RIGHT;72.3395;36.8782;0.0;
LEFT;72.3395;35.9026;0.0;
RIGHT;72.5603;36.8782;0.0;
LEFT;72.5603;35.9026;0.0;
LEFT;72.8354;36.8782;0.0;
LEFT;73.1642;37.855;0.0;
LEFT;73.5459;38.833;0.0;
LEFT;73.9797;39.8121;0.0;
LEFT;74.4648;40.7922;0.0;
LEFT;75.0;41.7732;0.0;
LEFT;75.5844;42.7551;0.0;
LEFT;76.2168;43.7379;0.0;
LEFT;76.896;44.7214;0.0;
RIGHT;77.6209;45.7056;0.0;
RIGHT;77.6209;44.7214;0.0;
LEFT;77.6209;43.7379;0.0;
RIGHT;78.3901;44.7214;0.0;
LEFT;78.3901;43.7379;0.0;
RIGHT;79.2023;44.7214;0.0;
RIGHT;79.2023;43.7379;0.0;
RIGHT;79.2023;42.7551;0.0;
RIGHT;79.2023;41.7732;0.0;
RIGHT;77.8781;40.7922;0.0;
RIGHT;76.5572;39.8121;0.0;
RIGHT;75.2396;38.833;0.0;
RIGHT;73.9256;37.855;0.0;
RIGHT;72.6154;36.8782;0.0;
RIGHT;71.3092;35.9026;0.0;
RIGHT;70.0071;34.9285;0.0;
RIGHT;68.7095;33.9559;0.0;
UP;67.4166;32.9848;0.0;
UP;65.5515;32.7567;0.0;
UP;63.6946;32.5576;0.0;
UP;61.8466;32.3883;0.0;
UP;60.0083;32.249;0.0;
UP;58.1808;32.1403;0.0;
UP;56.3649;32.0624;0.0;
UP;54.5619;32.0156;0.0;
UP;52.7731;32.0;0.0;
UP;51.0;32.0156;0.0;
UP;49.2443;32.0624;0.0;
UP;47.5079;32.1403;0.0;
LEFT;45.793;32.249;0.0;
LEFT;45.4863;33.2415;0.0;
LEFT;45.2217;34.2345;0.0;
LEFT;45.0;35.2278;0.0;
LEFT;44.8219;36.2215;0.0;
LEFT;44.6878;37.2156;0.0;
LEFT;44.5982;38.2099;0.0;
LEFT;44.5533;39.2046;0.0;
LEFT;44.5533;40.1995;0.0;
LEFT;44.5982;41.1947;0.0;
LEFT;44.6878;42.19;0.0;
LEFT;44.8219;43.1856;0.0;
UP;45.0;44.1814;0.0;
UP;43.8292;44.2832;0.0;
UP;42.72;44.4072;0.0;
UP;41.6773;44.5533;0.0;
UP;40.7063;44.7214;0.0;
UP;39.8121;44.911;0.0;
UP;39.0;45.1221;0.0;
UP;38.2753;45.3542;0.0;
UP;37.6431;45.607;0.0;
UP;37.108;45.8803;0.0;
UP;36.6742;46.1736;0.0;
UP;36.3456;46.4866;0.0;
RIGHT;36.1248;46.8188;0.0;
RIGHT;35.0571;45.8803;0.0;
RIGHT;34.0147;44.9444;0.0;
RIGHT;33.0;44.0114;0.0;
RIGHT;31.0;43.0813;0.0;
RIGHT;29.0;42.1545;0.0;
RIGHT;27.0;41.2311;0.0;
RIGHT;25.0;40.3113;0.0;
RIGHT;23.0;39.3954;0.0;
RIGHT;21.0;38.4838;0.0;
RIGHT;19.0;37.5766;0.0;
RIGHT;17.0;36.6742;0.0;
RIGHT;15.0;35.7771;0.0;
RIGHT;13.0;34.8855;0.0;
RIGHT;11.0;34.0;0.0;
LEFT;9.0;33.121;0.0;
LEFT;9.0;34.0;0.0;
LEFT;9.0;34.8855;0.0;
UP;9.0;35.7771;0.0;
UP;8.0623;36.2353;0.0;
UP;7.2801;36.7151;0.0;
UP;6.7082;37.2156;0.0;
UP;6.4031;37.7359;0.0;
UP;6.4031;38.2753;0.0;
UP;6.7082;38.833;0.0;
UP;7.2801;39.4081;0.0;
UP;8.0623;40.0;0.0;
UP;9.0;40.6079;0.0;
UP;9.0;41.2311;0.0;
UP;9.0;41.8688;0.0;
RIGHT;9.0;42.5206;0.0;
RIGHT;8.0623;41.7732;0.0;
RIGHT;7.2801;41.0366;0.0;
RIGHT;6.7082;40.3113;0.0;
RIGHT;6.4031;39.598;0.0;
RIGHT;6.4031;38.8973;0.0;
RIGHT;6.7082;38.2099;0.0;
RIGHT;7.2801;37.5366;0.0;
RIGHT;8.0623;36.8782;0.0;
RIGHT;9.0;36.2353;0.0;
RIGHT;9.0;35.609;0.0;
RIGHT;9.0;35.0;0.0;
RIGHT;9.0;34.4093;0.0;
RIGHT;9.0;33.8378;0.0;
RIGHT;9.0;33.2866;0.0;
RIGHT;9.0;32.7567;0.0;
RIGHT;9.0;32.249;0.0;
RIGHT;9.0;31.7648;0.0;
RIGHT;9.0;31.305;0.0;
RIGHT;9.0;30.8707;0.0;
RIGHT;9.0;30.4631;0.0;
RIGHT;9.0;30.0832;0.0;
RIGHT;9.0;29.7321;0.0;
RIGHT;9.0;29.4109;0.0;
UP;9.0;29.1204;0.0;
UP;8.0623;30.0832;0.0;
UP;7.2801;31.0483;0.0;
UP;6.7082;32.0156;0.0;
UP;6.4031;32.9848;0.0;
UP;6.4031;33.9559;0.0;
UP;6.7082;34.9285;0.0;
UP;7.2801;35.9026;0.0;
UP;8.0623;36.8782;0.0;
UP;9.0;37.855;0.0;
UP;9.0;38.833;0.0;
UP;9.0;39.8121;0.0;
RIGHT;9.0;40.7922;0.0;
RIGHT;8.0623;40.6079;0.0;
RIGHT;7.2801;40.4475;0.0;
RIGHT;6.7082;40.3113;0.0;
RIGHT;6.4031;40.1995;0.0;
RIGHT;6.4031;40.1123;0.0;
RIGHT;6.7082;40.05;0.0;
RIGHT;7.2801;40.0125;0.0;
RIGHT;8.0623;40.0;0.0;
RIGHT;9.0;40.0125;0.0;
RIGHT;9.0;40.05;0.0;
RIGHT;9.0;40.1123;0.0;
RIGHT;9.0;40.1995;0.0;
RIGHT;82.4621;40.1995;0.0;
RIGHT;82.4621;40.1123;0.0;
RIGHT;82.4621;40.05;0.0;
RIGHT;82.4621;40.0125;0.0;
RIGHT;82.4621;40.0;0.0;
RIGHT;82.4621;40.0125;0.0;
RIGHT;82.4621;40.05;0.0;
RIGHT;82.4621;40.1123;0.0;
RIGHT;82.4621;40.1995;0.0;
RIGHT;9.0;40.3113;0.0;
RIGHT;9.0;40.4475;0.0;
RIGHT;9.0;40.6079;0.0;
UP;9.0;40.7922;0.0;
UP;8.0623;41.7732;0.0;
UP;7.2801;42.7551;0.0;
UP;6.7082;43.7379;0.0;
UP;6.4031;44.7214;0.0;
UP;6.4031;45.7056;0.0;
UP;6.7082;46.6905;0.0;
UP;7.2801;47.676;0.0;
UP;8.0623;48.6621;0.0;
UP;9.0;49.6488;0.0;
UP;9.0;50.636;0.0;
UP;9.0;49.6488;0.0;
UP;9.0;48.6621;0.0;
UP;9.0;47.676;0.0;
UP;9.0;46.6905;0.0;
UP;9.0;45.7056;0.0;
UP;9.0;44.7214;0.0;
UP;9.0;43.7379;0.0;
UP;9.0;42.7551;0.0;
UP;9.0;41.7732;0.0;
UP;9.0;40.7922;0.0;
UP;9.0;39.8121;0.0;
UP;9.0;38.833;0.0;
UP;9.0;37.855;0.0;
RIGHT;9.0;36.8782;0.0;
RIGHT;8.0623;37.108;0.0;
RIGHT;7.2801;37.3631;0.0;
RIGHT;6.7082;37.6431;0.0;
RIGHT;6.4031;37.9473;0.0;
RIGHT;6.4031;38.2753;0.0;
RIGHT;6.7082;38.6264;0.0;
RIGHT;7.2801;39.0;0.0;
RIGHT;8.0623;39.3954;0.0;
RIGHT;9.0;39.8121;0.0;
RIGHT;9.0;40.2492;0.0;
RIGHT;9.0;40.7063;0.0;
RIGHT;9.0;41.1825;0.0;
RIGHT;9.0;41.6773;0.0;
RIGHT;9.0;42.19;0.0;
RIGHT;9.0;42.72;0.0;
RIGHT;9.0;43.2666;0.0;
RIGHT;9.0;43.8292;0.0;
RIGHT;9.0;44.4072;0.0;
RIGHT;9.0;45.0;0.0;
RIGHT;9.0;45.607;0.0;
RIGHT;9.0;46.2277;0.0;
RIGHT;9.0;46.8615;0.0;
RIGHT;9.0;47.5079;0.0;
UP;9.0;48.1664;0.0;
UP;8.0623;47.4236;0.0;
UP;7.2801;46.6905;0.0;
UP;6.7082;45.9674;0.0;
UP;6.4031;45.2548;0.0;
UP;6.4031;44.5533;0.0;
UP;6.7082;43.8634;0.0;
UP;8.0623;43.1856;0.0;
UP;9.434;42.5206;0.0;
UP;10.8167;41.8688;0.0;
UP;12.2066;41.2311;0.0;
UP;13.6015;40.6079;0.0;
RIGHT;15.0;40.0;0.0;
RIGHT;16.2788;40.8044;0.0;
RIGHT;17.6918;41.6173;0.0;
RIGHT;19.2094;42.4382;0.0;
RIGHT;20.8087;43.2666;0.0;
RIGHT;22.4722;44.1022;0.0;
RIGHT;24.1868;44.9444;0.0;
RIGHT;25.9422;45.793;0.0;
RIGHT;27.7308;46.6476;0.0;
RIGHT;29.5466;47.5079;0.0;
RIGHT;31.3847;48.3735;0.0;
RIGHT;33.2415;49.2443;0.0;
UP;35.1141;50.1199;0.0;
UP;36.4005;49.6488;0.0;
UP;36.7696;49.1935;0.0;
UP;35.4683;48.7545;0.0;
UP;34.176;48.3322;0.0;
UP;32.8938;47.927;0.0;
UP;31.6228;47.5395;0.0;
UP;30.3645;47.1699;0.0;
UP;29.1204;46.8188;0.0;
UP;27.8927;46.4866;0.0;
UP;26.6833;46.1736;0.0;
UP;25.4951;45.8803;0.0;
UP;24.3311;45.607;0.0;
DOWN;23.1948;45.3542;0.0;
DOWN;22.3607;45.607;0.0;
DOWN;21.587;45.8803;0.0;
DOWN;20.8806;46.1736;0.0;
DOWN;20.2485;46.4866;0.0;
DOWN;19.6977;46.8188;0.0;
DOWN;19.2354;47.1699;0.0;
DOWN;18.868;47.5395;0.0;
DOWN;18.6011;47.927;0.0;
DOWN;18.4391;48.3322;0.0;
DOWN;18.3848;48.7545;0.0;
DOWN;18.4391;49.1935;0.0;
DOWN;18.6011;49.6488;0.0;
LEFT;18.868;50.1199;0.0;
LEFT;17.8885;49.2443;0.0;
LEFT;17.088;48.3735;0.0;
LEFT;16.4924;47.5079;0.0;
LEFT;16.1245;46.6476;0.0;
LEFT;16.0;45.793;0.0;
LEFT;16.1245;44.9444;0.0;
LEFT;16.4924;44.1022;0.0;
LEFT;17.088;43.2666;0.0;
LEFT;17.8885;42.4382;0.0;
LEFT;18.868;41.6173;0.0;
LEFT;18.6011;40.8044;0.0;
LEFT;18.4391;40.0;0.0;
LEFT;18.3848;39.2046;0.0;
LEFT;18.4391;38.4187;0.0;
LEFT;18.6011;37.6431;0.0;
LEFT;18.3576;36.8782;0.0;
RIGHT;17.4642;36.1248;0.0;
RIGHT;17.0;36.8782;0.0;
RIGHT;16.5529;37.6431;0.0;
RIGHT;15.2315;38.4187;0.0;
RIGHT;13.9284;39.2046;0.0;
DOWN;12.6491;40.0;0.0;
DOWN;12.6491;40.6079;0.0;
DOWN;12.6491;41.2311;0.0;
DOWN;12.6491;41.8688;0.0;
DOWN;12.6491;42.5206;0.0;
DOWN;12.083;43.1856;0.0;
DOWN;11.6619;43.8634;0.0;
DOWN;11.4018;44.5533;0.0;
DOWN;11.3137;45.2548;0.0;
DOWN;11.4018;45.9674;0.0;
DOWN;11.6619;46.6905;0.0;
DOWN;12.083;47.4236;0.0;
LEFT;12.6491;48.1664;0.0;
LEFT;12.6491;47.5079;0.0;
LEFT;12.6491;46.8615;0.0;
LEFT;12.6491;46.2277;0.0;
LEFT;12.3693;45.607;0.0;
LEFT;12.0416;45.0;0.0;
LEFT;11.6619;44.4072;0.0;
LEFT;11.4018;43.8292;0.0;
LEFT;11.3137;43.2666;0.0;
LEFT;11.4018;42.72;0.0;
LEFT;11.6619;42.19;0.0;
LEFT;12.083;41.6773;0.0;
LEFT;12.6491;41.1825;0.0;
LEFT;13.3417;40.7063;0.0;
LEFT;14.1421;40.2492;0.0;
LEFT;15.0333;39.8121;0.0;
LEFT;16.0;39.3954;0.0;
LEFT;16.0;39.0;0.0;
LEFT;16.0;38.6264;0.0;
LEFT;16.0;38.2753;0.0;
LEFT;16.0;37.9473;0.0;
LEFT;16.0;37.6431;0.0;
LEFT;16.0;37.3631;0.0;
LEFT;16.0;37.108;0.0;
UP;16.0;36.8782;0.0;
UP;15.0333;35.9026;0.0;
UP;14.1421;34.9285;0.0;
UP;13.3417;33.9559;0.0;
UP;12.6491;32.9848;0.0;
UP;12.083;32.0156;0.0;
UP;11.6619;31.0483;0.0;
UP;11.4018;30.0832;0.0;
UP;11.3137;29.1204;0.0;
UP;11.4018;28.1603;0.0;
UP;11.6619;27.2029;0.0;
UP;12.083;26.2488;0.0;
UP;12.6491;25.2982;0.0;
UP;13.3417;24.3516;0.0;
UP;14.1421;23.4094;0.0;
UP;15.0333;22.4722;0.0;
UP;16.0;21.5407;0.0;
UP;16.0;20.6155;0.0;
UP;16.0;19.6977;0.0;
UP;16.0;18.7883;0.0;
UP;16.0;17.8885;0.0;
UP;16.0;17.0;0.0;
UP;16.0;16.1245;0.0;
UP;16.0;15.2643;0.0;
UP;16.0;14.4222;0.0;
UP;16.0;13.6015;0.0;
UP;16.0;12.8062;0.0;
UP;16.0;12.0416;0.0;
LEFT;16.0;11.3137;0.0;
LEFT;15.0333;10.6301;0.0;
LEFT;14.1421;10.0;0.0;
LEFT;13.3417;9.434;0.0;
RIGHT;12.6491;8.9443;0.0;
RIGHT;11.4018;9.434;0.0;
LEFT;10.198;10.0;0.0;
LEFT;9.4868;9.434;0.0;
LEFT;8.9443;8.9443;0.0;
LEFT;8.6023;8.544;0.0;
LEFT;8.4853;8.2462;0.0;
LEFT;8.6023;8.0623;0.0;
UP;8.9443;8.0;0.0;
UP;8.9443;7.0;0.0;
UP;8.9443;6.0;0.0;
UP;8.9443;5.0;0.0;
UP;8.9443;4.0;0.0;
UP;8.6023;3.0;0.0;
UP;8.4853;2.0;0.0;
UP;8.6023;1.0;0.0;
UP;8.9443;0.0;0.0;
UP;9.4868;1.0;0.0;
UP;10.198;2.0;0.0;
UP;11.0454;3.0;0.0;
RIGHT;12.0;4.0;0.0;
RIGHT;11.0454;4.1231;0.0;
RIGHT;10.198;4.4721;0.0;
RIGHT;9.4868;5.0;0.0;
RIGHT;8.9443;5.6569;0.0;
RIGHT;8.6023;6.4031;0.0;
RIGHT;8.4853;7.2111;0.0;
RIGHT;8.6023;8.0623;0.0;
RIGHT;8.9443;8.9443;0.0;
RIGHT;9.4868;9.8489;0.0;
RIGHT;10.198;10.7703;0.0;
RIGHT;11.0454;11.7047;0.0;
RIGHT;12.0;12.6491;0.0;
RIGHT;12.0;13.6015;0.0;
RIGHT;12.0;14.5602;0.0;
RIGHT;12.0;15.5242;0.0;
RIGHT;12.0;16.4924;0.0;
RIGHT;12.0;17.4642;0.0;
RIGHT;12.0;18.4391;0.0;
RIGHT;12.0;19.4165;0.0;
DOWN;12.0;20.3961;0.0;
DOWN;11.0454;20.2237;0.0;
DOWN;10.198;20.0998;0.0;
DOWN;9.4868;20.025;0.0;
DOWN;8.9443;20.0;0.0;
DOWN;8.6023;20.025;0.0;
DOWN;7.2111;20.0998;0.0;
DOWN;5.831;20.2237;0.0;
DOWN;4.4721;20.3961;0.0;
DOWN;3.1623;20.6155;0.0;
LEFT;1293.0;52.4976;0.0;
LEFT;1293.0;51.5461;0.0;
LEFT;1293.0;50.5964;0.0;
LEFT;1293.0;49.6488;0.0;
LEFT;1293.0;48.7032;0.0;
LEFT;1293.0;47.7598;0.0;
LEFT;1293.0;46.8188;0.0;
LEFT;1293.0;45.8803;0.0;
LEFT;1293.0;44.9444;0.0;
LEFT;1293.0;44.0114;0.0;
LEFT;1293.0;43.0813;0.0;
LEFT;1293.0;42.1545;0.0;
LEFT;1293.0;41.2311;0.0;
LEFT;1293.0;40.3113;0.0;
LEFT;1293.0;39.3954;0.0;
LEFT;1293.0;38.4838;0.0;
LEFT;1293.0;37.5766;0.0;
LEFT;1293.0;36.6742;0.0;
LEFT;1293.0;35.7771;0.0;
LEFT;1293.0;34.8855;0.0;
LEFT;1293.0;34.0;0.0;
LEFT;1293.0;33.121;0.0;
LEFT;1293.0;32.249;0.0;
LEFT;1293.0;31.3847;0.0;
LEFT;1293.0;30.5287;0.0;
LEFT;1293.0;29.6816;0.0;
LEFT;1293.0;28.8444;0.0;
LEFT;1293.0;28.0179;0.0;
LEFT;1293.0;27.2029;0.0;
LEFT;1293.0;26.4008;0.0;
DOWN;1293.0;25.6125;0.0;
UP;1293.0;25.0;0.0;
DOWN;1293.0;25.6125;0.0;
UP;1293.0;25.0;0.0;
LEFT;1293.0;25.6125;0.0;
RIGHT;1293.0;24.8395;0.0;
LEFT;1293.0;25.6125;0.0;
RIGHT;1293.0;24.8395;0.0;
LEFT;1293.0;25.6125;0.0;
RIGHT;57.1402;24.8395;0.0;
LEFT;57.1402;25.6125;0.0;
RIGHT;58.2495;24.8395;0.0;
LEFT;58.2495;25.6125;0.0;
LEFT;59.4054;24.8395;0.0;
LEFT;60.6053;24.0832;0.0;
LEFT;61.8466;23.3452;0.0;
RIGHT;63.1269;22.6274;0.0;
LEFT;63.1269;23.3452;0.0;
LEFT;64.4438;22.6274;0.0;
LEFT;65.7951;21.9317;0.0;
RIGHT;67.1789;21.2603;0.0;
RIGHT;67.1789;21.9317;0.0;
LEFT;67.1789;22.6274;0.0;
LEFT;68.593;21.9317;0.0;
LEFT;70.0357;21.2603;0.0;
LEFT;71.5052;20.6155;0.0;
LEFT;73.0;20.0;0.0;
LEFT;74.5185;19.4165;0.0;
LEFT;76.0592;18.868;0.0;
LEFT;63.1269;18.3576;0.0;
LEFT;63.1269;17.8885;0.0;
LEFT;63.1269;17.4642;0.0;
LEFT;63.1269;17.088;0.0;
LEFT;63.1269;16.7631;0.0;
LEFT;63.1269;16.4924;0.0;
LEFT;63.1269;16.2788;0.0;
LEFT;63.1269;16.1245;0.0;
LEFT;63.1269;16.0312;0.0;
DOWN;63.1269;16.0;0.0;
DOWN;63.2535;15.0;0.0;
DOWN;63.4114;14.0;0.0;
DOWN;63.6003;13.0;0.0;
DOWN;63.8201;12.0;0.0;
DOWN;64.0703;11.0;0.0;
DOWN;64.3506;10.0;0.0;
DOWN;64.6607;9.0;0.0;
DOWN;65.0;8.0;0.0;
DOWN;65.3682;7.0;0.0;
DOWN;65.3682;6.0;0.0;
DOWN;65.3682;5.0;0.0;
DOWN;65.3682;4.0;0.0;
DOWN;65.3682;3.0;0.0;
DOWN;65.3682;2.0;0.0;
DOWN;65.3682;1.0;0.0;
DOWN;65.3682;0.0;0.0;
DOWN;65.3682;1.0;0.0;
DOWN;65.3682;2.0;0.0;
DOWN;65.3682;3.0;0.0;
DOWN;65.3682;4.0;0.0;
DOWN;65.3682;5.0;0.0;
DOWN;65.7647;6.0;0.0;
DOWN;66.1891;7.0;0.0;
RIGHT;66.6408;8.0;0.0;
RIGHT;65.7951;8.0623;0.0;
RIGHT;65.0;8.2462;0.0;
RIGHT;64.2573;8.544;0.0;
RIGHT;63.5689;8.9443;0.0;
RIGHT;62.9365;9.434;0.0;
RIGHT;62.3618;10.0;0.0;
RIGHT;61.8466;10.6301;0.0;
RIGHT;61.3922;11.3137;0.0;
RIGHT;61.0;12.0416;0.0;
RIGHT;59.8415;12.8062;0.0;
RIGHT;58.6941;13.6015;0.0;
RIGHT;57.5587;14.4222;0.0;
RIGHT;56.4358;15.2643;0.0;
RIGHT;55.3263;16.1245;0.0;
RIGHT;54.231;17.0;0.0;
RIGHT;53.1507;17.8885;0.0;
RIGHT;52.0865;18.7883;0.0;
RIGHT;51.0392;19.6977;0.0;
RIGHT;50.01;20.6155;0.0;
RIGHT;49.0;21.5407;0.0;
RIGHT;48.0104;22.4722;0.0;
RIGHT;48.0937;23.4094;0.0;
RIGHT;48.2597;24.3516;0.0;
RIGHT;48.5077;25.2982;0.0;
RIGHT;48.8365;26.2488;0.0;
RIGHT;49.2443;27.2029;0.0;
RIGHT;49.7293;28.1603;0.0;
RIGHT;49.163;29.1204;0.0;
RIGHT;48.0937;30.0832;0.0;
RIGHT;48.0937;31.0483;0.0;
RIGHT;48.0937;32.0156;0.0;
RIGHT;48.0937;32.9848;0.0;
RIGHT;48.0937;33.9559;0.0;
RIGHT;48.0937;34.9285;0.0;
RIGHT;48.0937;35.9026;0.0;
RIGHT;48.0937;36.8782;0.0;
RIGHT;48.0937;37.855;0.0;
RIGHT;48.0937;38.833;0.0;
RIGHT;48.0937;39.8121;0.0;
RIGHT;48.0937;40.7922;0.0;
RIGHT;48.0937;41.7732;0.0;
RIGHT;47.0425;42.7551;0.0;
RIGHT;46.0109;43.7379;0.0;
RIGHT;45.0;44.7214;0.0;
RIGHT;44.0114;45.7056;0.0;
RIGHT;43.0465;46.6905;0.0;
RIGHT;42.107;47.676;0.0;
RIGHT;41.1947;48.6621;0.0;
RIGHT;40.3113;49.6488;0.0;
RIGHT;39.4588;50.636;0.0;
RIGHT;38.6394;49.6488;0.0;
RIGHT;37.855;48.6621;0.0;
RIGHT;37.108;47.676;0.0;
RIGHT;37.6431;46.6905;0.0;
RIGHT;38.2753;45.7056;0.0;
RIGHT;39.0;44.7214;0.0;
RIGHT;39.8121;43.7379;0.0;
RIGHT;40.7063;42.7551;0.0;
RIGHT;41.6773;41.7732;0.0;
RIGHT;42.72;40.7922;0.0;
RIGHT;43.8292;39.8121;0.0;
RIGHT;45.0;38.833;0.0;
RIGHT;46.2277;37.855;0.0;
RIGHT;47.5079;36.8782;0.0;
RIGHT;48.8365;35.9026;0.0;
RIGHT;47.7074;34.9285;0.0;
RIGHT;46.3249;33.9559;0.0;
RIGHT;44.9444;32.9848;0.0;
RIGHT;43.566;32.0156;0.0;
RIGHT;42.19;31.0483;0.0;
RIGHT;40.8167;30.0832;0.0;
RIGHT;39.4462;29.1204;0.0;
RIGHT;38.0789;28.1603;0.0;
RIGHT;36.7151;27.2029;0.0;
RIGHT;35.3553;26.2488;0.0;
RIGHT;34.0;25.2982;0.0;
RIGHT;32.6497;24.3516;0.0;
RIGHT;31.305;23.4094;0.0;
RIGHT;29.9666;22.4722;0.0;
UP;28.6356;21.5407;0.0;
UP;26.8328;21.1896;0.0;
UP;25.0599;20.8806;0.0;
UP;23.7065;20.6155;0.0;
UP;22.3607;20.3961;0.0;
UP;21.0238;20.2237;0.0;
UP;19.6977;20.0998;0.0;
UP;18.3848;20.025;0.0;
UP;17.088;20.0;0.0;
UP;15.8114;20.025;0.0;
UP;14.5602;20.0998;0.0;
UP;13.3417;20.2237;0.0;
UP;12.1655;20.3961;0.0;
UP;11.0454;20.6155;0.0;
DOWN;10.0;20.8806;0.0;
DOWN;10.0;20.6155;0.0;
DOWN;10.0;20.3961;0.0;
DOWN;10.0;20.2237;0.0;
DOWN;10.0;20.0998;0.0;
DOWN;10.0;20.025;0.0;
DOWN;10.0;20.0;0.0;
DOWN;10.0;20.025;0.0;
DOWN;10.0;20.0998;0.0;
DOWN;10.0;20.2237;0.0;
DOWN;10.0;20.3961;0.0;
DOWN;10.0;20.6155;0.0;
DOWN;10.0;20.8806;0.0;
DOWN;10.0;21.1896;0.0;
RIGHT;10.0;21.5407;0.0;
RIGHT;9.0554;20.6155;0.0;
RIGHT;8.2462;19.6977;0.0;
RIGHT;7.6158;18.7883;0.0;
RIGHT;7.2111;17.8885;0.0;
RIGHT;7.0711;17.0;0.0;
RIGHT;7.2111;16.1245;0.0;
RIGHT;7.6158;15.2643;0.0;
RIGHT;8.2462;14.4222;0.0;
RIGHT;9.0554;13.6015;0.0;
RIGHT;10.0;12.8062;0.0;
RIGHT;10.0;12.0416;0.0;
RIGHT;10.0;11.3137;0.0;
RIGHT;10.0;10.6301;0.0;
RIGHT;10.0;10.0;0.0;
RIGHT;10.0;9.434;0.0;
RIGHT;10.0;8.9443;0.0;
RIGHT;10.0;8.544;0.0;
RIGHT;10.0;8.2462;0.0;
RIGHT;10.0;8.0623;0.0;
UP;10.0;8.0;0.0;
UP;9.0554;7.0;0.0;
UP;8.2462;6.0;0.0;
UP;7.6158;5.0;0.0;
UP;7.2111;4.0;0.0;
UP;7.0711;3.0;0.0;
UP;7.2111;2.0;0.0;
UP;7.6158;1.0;0.0;
UP;8.2462;0.0;0.0;
UP;9.0554;1.0;0.0;
UP;10.0;2.0;0.0;
UP;10.0;3.0;0.0;
UP;10.0;4.0;0.0;
UP;10.0;5.0;0.0;
UP;10.0;6.0;0.0;
UP;10.0;7.0;0.0;
UP;10.0;8.0;0.0;
UP;10.0;9.0;0.0;
UP;10.0;10.0;0.0;
UP;10.0;11.0;0.0;
UP;10.0;12.0;0.0;
UP;10.0;13.0;0.0;
UP;10.0;14.0;0.0;
UP;10.0;15.0;0.0;
LEFT;10.0;16.0;0.0;
LEFT;9.0554;16.0312;0.0;
LEFT;8.2462;16.1245;0.0;
LEFT;7.6158;16.2788;0.0;
LEFT;7.2111;16.4924;0.0;
LEFT;7.0711;16.7631;0.0;
LEFT;7.2111;17.088;0.0;
LEFT;7.6158;17.4642;0.0;
LEFT;8.2462;17.8885;0.0;
LEFT;9.0554;18.3576;0.0;
LEFT;8.2462;18.868;0.0;
LEFT;7.6158;19.4165;0.0;
LEFT;7.2111;20.0;0.0;
LEFT;7.0711;20.6155;0.0;
LEFT;7.2111;21.2603;0.0;
LEFT;7.6158;21.9317;0.0;
LEFT;8.2462;22.6274;0.0;
LEFT;9.0554;23.3452;0.0;
LEFT;10.0;24.0832;0.0;
LEFT;10.0;24.8395;0.0;
DOWN;10.0;25.6125;0.0;
DOWN;9.0554;25.0;0.0;
UP;8.2462;24.4131;0.0;
DOWN;7.0711;25.0;0.0;
UP;6.3246;24.4131;0.0;
DOWN;5.099;25.0;0.0;
DOWN;4.4721;24.4131;0.0;
DOWN;4.2426;23.8537;0.0;
UP;4.4721;23.3238;0.0;
UP;3.1623;23.8537;0.0;
LEFT;1293.0;52.4976;0.0;
LEFT;1293.0;51.5461;0.0;
LEFT;1293.0;50.5964;0.0;
LEFT;1293.0;49.6488;0.0;
LEFT;1293.0;48.7032;0.0;
LEFT;1293.0;47.7598;0.0;
LEFT;1293.0;46.8188;0.0;
LEFT;1293.0;45.8803;0.0;
LEFT;1293.0;44.9444;0.0;
LEFT;1293.0;44.0114;0.0;
LEFT;1293.0;43.0813;0.0;
LEFT;1293.0;42.1545;0.0;
LEFT;1293.0;41.2311;0.0;
LEFT;1293.0;40.3113;0.0;
LEFT;1293.0;39.3954;0.0;
LEFT;1293.0;38.4838;0.0;
LEFT;1293.0;37.5766;0.0;
LEFT;1293.0;36.6742;0.0;
UP;1293.0;35.7771;0.0;
UP;1293.0;36.2353;0.0;
UP;1293.0;36.7151;0.0;
UP;1293.0;37.2156;0.0;
UP;1293.0;37.7359;0.0;
UP;1293.0;38.2753;0.0;
UP;1293.0;38.833;0.0;
UP;1293.0;39.4081;0.0;
DOWN;1293.0;40.0;0.0;
UP;1293.0;39.4081;0.0;
UP;1293.0;40.0;0.0;
UP;1293.0;40.6079;0.0;
DOWN;1293.0;41.2311;0.0;
DOWN;1293.0;40.6079;0.0;
UP;1293.0;40.0;0.0;
DOWN;1293.0;40.6079;0.0;
DOWN;1293.0;40.0;0.0;
UP;1293.0;39.4081;0.0;
DOWN;1293.0;40.0;0.0;
DOWN;1293.0;39.4081;0.0;
DOWN;1293.0;38.833;0.0;
DOWN;46.6154;38.2753;0.0;
UP;47.1699;37.7359;0.0;
UP;45.8803;38.2753;0.0;
DOWN;44.5982;38.833;0.0;
UP;45.2217;38.2753;0.0;
UP;43.9659;38.833;0.0;
DOWN;42.72;39.4081;0.0;
UP;43.4166;38.833;0.0;
UP;42.2019;39.4081;0.0;
UP;41.0;40.0;0.0;
UP;39.8121;40.6079;0.0;
UP;38.6394;41.2311;0.0;
UP;37.4833;41.8688;0.0;
LEFT;36.3456;42.5206;0.0;
LEFT;36.3456;41.7732;0.0;
RIGHT;36.3456;41.0366;0.0;
RIGHT;36.1248;41.7732;0.0;
LEFT;36.0139;42.5206;0.0;
LEFT;36.0139;41.7732;0.0;
RIGHT;35.0571;41.0366;0.0;
LEFT;34.0147;41.7732;0.0;
RIGHT;33.0606;41.0366;0.0;
LEFT;32.0156;41.7732;0.0;
RIGHT;31.0644;41.0366;0.0;
RIGHT;30.0167;41.7732;0.0;
LEFT;29.0;42.5206;0.0;
RIGHT;28.0179;41.7732;0.0;
LEFT;27.0;42.5206;0.0;
LEFT;26.0192;41.7732;0.0;
LEFT;25.0799;41.0366;0.0;
LEFT;24.1868;40.3113;0.0;
LEFT;23.3452;39.598;0.0;
LEFT;22.561;38.8973;0.0;
LEFT;21.8403;38.2099;0.0;
LEFT;21.1896;37.5366;0.0;
LEFT;20.6155;36.8782;0.0;
LEFT;20.1246;36.2353;0.0;
LEFT;19.7231;35.609;0.0;
LEFT;19.4165;35.0;0.0;
LEFT;19.2094;34.4093;0.0;
LEFT;19.105;33.8378;0.0;
LEFT;19.105;33.2866;0.0;
LEFT;19.2094;32.7567;0.0;
LEFT;20.8087;32.249;0.0;
LEFT;22.4722;31.7648;0.0;
LEFT;24.1868;31.305;0.0;
LEFT;25.9422;30.8707;0.0;
LEFT;27.7308;30.4631;0.0;
LEFT;29.5466;30.0832;0.0;
LEFT;31.3847;29.7321;0.0;
LEFT;33.2415;29.4109;0.0;
UP;35.1141;29.1204;0.0;
UP;35.7351;30.0832;0.0;
UP;36.4005;31.0483;0.0;
UP;37.108;32.0156;0.0;
UP;36.6742;32.9848;0.0;
UP;36.3456;33.9559;0.0;
UP;36.1248;34.9285;0.0;
UP;36.0139;35.9026;0.0;
UP;36.0139;36.8782;0.0;
UP;34.6554;37.855;0.0;
UP;33.2415;38.833;0.0;
UP;31.8904;39.8121;0.0;
LEFT;30.6105;40.7922;0.0;
LEFT;30.8058;40.6079;0.0;
LEFT;31.0644;40.4475;0.0;
LEFT;31.3847;40.3113;0.0;
LEFT;31.7648;40.1995;0.0;
LEFT;32.2025;40.1123;0.0;
LEFT;32.6956;40.05;0.0;
LEFT;33.2415;40.0125;0.0;
LEFT;33.2415;40.0;0.0;
LEFT;33.2415;40.0125;0.0;
LEFT;33.2415;40.05;0.0;
LEFT;33.2415;40.1123;0.0;
LEFT;33.2415;40.1995;0.0;
LEFT;71.0211;40.1995;0.0;
LEFT;71.0211;40.1123;0.0;
LEFT;71.0211;40.05;0.0;
LEFT;71.0211;40.0125;0.0;
LEFT;71.0211;40.0;0.0;
LEFT;70.214;40.0125;0.0;
LEFT;68.9638;40.05;0.0;
LEFT;67.72;40.1123;0.0;
LEFT;66.4831;40.1995;0.0;
LEFT;65.2534;40.3113;0.0;
LEFT;64.0312;40.4475;0.0;
LEFT;62.8172;40.6079;0.0;
DOWN;61.6117;40.7922;0.0;
DOWN;61.6117;39.8121;0.0;
DOWN;61.6117;38.833;0.0;
DOWN;62.8172;37.855;0.0;
DOWN;64.0312;36.8782;0.0;
DOWN;65.2534;35.9026;0.0;
DOWN;66.4831;34.9285;0.0;
DOWN;67.72;33.9559;0.0;
DOWN;68.9638;32.9848;0.0;
DOWN;70.214;32.0156;0.0;
DOWN;71.4703;31.0483;0.0;
DOWN;72.7324;30.0832;0.0;
DOWN;74.0;29.1204;0.0;
DOWN;75.2728;28.1603;0.0;
DOWN;76.5506;27.2029;0.0;
DOWN;76.5506;26.2488;0.0;
DOWN;76.5506;25.2982;0.0;
DOWN;76.5506;24.3516;0.0;
DOWN;76.5506;23.4094;0.0;
DOWN;76.5506;22.4722;0.0;
DOWN;76.5506;21.5407;0.0;
DOWN;76.5506;20.6155;0.0;
UP;76.5506;19.6977;0.0;
UP;75.8947;20.6155;0.0;
DOWN;75.2861;21.5407;0.0;
DOWN;75.2861;20.6155;0.0;
DOWN;75.2861;19.6977;0.0;
DOWN;76.5376;18.7883;0.0;
LEFT;77.7946;17.8885;0.0;
RIGHT;77.7946;18.3576;0.0;
UP;79.6994;17.8885;0.0;
DOWN;25.9422;18.7883;0.0;
LEFT;26.4008;17.8885;0.0;
LEFT;26.4008;18.3576;0.0;
LEFT;26.4008;18.868;0.0;
RIGHT;26.4008;19.4165;0.0;
RIGHT;25.632;18.868;0.0;
RIGHT;25.0;18.3576;0.0;
LEFT;24.5153;17.8885;0.0;
LEFT;24.5153;18.3576;0.0;
RIGHT;24.5153;18.868;0.0;
LEFT;24.1868;18.3576;0.0;
LEFT;24.1868;18.868;0.0;
LEFT;24.1868;19.4165;0.0;
RIGHT;23.3452;20.0;0.0;
LEFT;22.2036;19.4165;0.0;
LEFT;21.3776;20.0;0.0;
LEFT;20.6155;20.6155;0.0;
LEFT;19.9249;21.2603;0.0;
LEFT;19.3132;21.9317;0.0;
LEFT;18.7883;22.6274;0.0;
LEFT;18.3576;23.3452;0.0;
LEFT;18.0278;24.0832;0.0;
LEFT;17.8045;24.8395;0.0;
DOWN;17.6918;25.6125;0.0;
DOWN;17.6918;25.0;0.0;
DOWN;17.6918;24.4131;0.0;
DOWN;17.6918;23.8537;0.0;
DOWN;17.6918;23.3238;0.0;
DOWN;17.6918;22.8254;0.0;
DOWN;17.6918;22.3607;0.0;
DOWN;17.6918;21.9317;0.0;
UP;17.6918;21.5407;0.0;
UP;16.2788;21.9317;0.0;
UP;15.0;22.3607;0.0;
UP;13.8924;22.8254;0.0;
UP;13.0;23.3238;0.0;
UP;12.3693;23.8537;0.0;
DOWN;11.1803;24.4131;0.0;
UP;10.4403;23.8537;0.0;
UP;9.2195;24.4131;0.0;
UP;8.0623;25.0;0.0;
DOWN;7.0;25.6125;0.0;
UP;6.0828;25.0;0.0;
LEFT;5.0;25.6125;0.0;
RIGHT;5.0;26.4008;0.0;
LEFT;3.0;25.6125;0.0;
LEFT;3.0;26.4008;0.0;
LEFT;3.0;27.2029;0.0;
LEFT;3.0;28.0179;0.0;
LEFT;3.0;28.8444;0.0;
LEFT;3.0;29.6816;0.0;
LEFT;3.0;30.5287;0.0;
LEFT;3.0;31.3847;0.0;
LEFT;3.0;32.249;0.0;
LEFT;3.0;33.121;0.0;
LEFT;3.0;34.0;0.0;
LEFT;3.0;34.8855;0.0;
UP;3.0;35.7771;0.0;
DOWN;2.2361;36.2353;0.0;
UP;2.2361;36.2353;0.0;
