54 0 2 -2 6 1 0 1 	 Fitness: 2083.0
95 1 2 0 1 0 4 1 	 Fitness: 1565.0
37 0 2 -20 2 0 4 1 	 Fitness: 1035.0
28 3 2 -9 8 0 1 0 	 Fitness: 2118.0
21 4 2 -11 1 1 3 0 	 Fitness: 2256.0
84 4 2 -4 5 1 3 1 	 Fitness: 5035.0
38 1 2 -5 0 0 3 0 	 Fitness: 366.0
48 4 2 -1 7 1 2 0 	 Fitness: 2968.0
26 2 2 -3 0 0 0 1 	 Fitness: 2278.0
28 3 2 -4 5 1 3 0 	 Fitness: 3011.0
72 1 2 0 2 0 3 0 	 Fitness: 1249.0
47 3 2 -18 2 1 0 0 	 Fitness: 2668.0
26 4 2 -5 5 1 2 0 	 Fitness: 1679.0
83 3 2 -18 9 1 1 1 	 Fitness: 2961.0
66 1 2 -2 6 0 3 0 	 Fitness: 1728.0
88 4 2 -18 8 1 1 1 	 Fitness: 5107.0
74 4 2 0 7 1 2 1 	 Fitness: 2614.0
73 0 2 -4 2 1 3 1 	 Fitness: 683.0
83 3 2 -13 2 1 3 0 	 Fitness: 1223.0
23 0 2 -14 9 0 0 0 	 Fitness: 131.0
40 3 2 -15 0 1 2 1 	 Fitness: 3331.0
48 0 2 -15 3 1 1 1 	 Fitness: 2022.0
72 4 2 -9 6 1 4 0 	 Fitness: 2853.0
33 4 2 -4 2 1 0 0 	 Fitness: 3948.0
69 3 2 -18 3 0 3 0 	 Fitness: 2171.0
28 0 2 -10 4 0 0 1 	 Fitness: 1352.0
73 3 2 -12 1 0 1 0 	 Fitness: 4274.0
45 0 2 -8 5 0 2 1 	 Fitness: 791.0
71 4 2 -2 0 0 1 0 	 Fitness: 1872.0
70 2 2 -14 9 0 2 0 	 Fitness: 2560.0
65 4 2 -19 8 0 1 0 	 Fitness: 2575.0
60 2 2 -19 8 0 0 0 	 Fitness: 3830.0
21 2 2 -3 1 1 4 1 	 Fitness: 1014.0
35 1 2 -13 2 0 1 0 	 Fitness: 1724.0
62 4 2 -17 2 1 0 1 	 Fitness: 2872.0
82 4 2 -13 0 1 1 0 	 Fitness: 2398.0
90 0 2 -8 8 0 4 0 	 Fitness: 130.0
55 1 2 -12 6 1 2 1 	 Fitness: 2699.0
82 1 2 -8 8 0 0 1 	 Fitness: 7143.0
63 0 2 -9 7 0 3 1 	 Fitness: 865.0
46 0 2 -8 2 1 1 0 	 Fitness: 1436.0
23 2 2 -11 7 0 3 1 	 Fitness: 1388.0
59 3 2 -17 3 0 1 1 	 Fitness: 2800.0
93 2 2 -15 7 0 3 0 	 Fitness: 2275.0
83 1 2 -17 2 0 3 0 	 Fitness: 894.0
35 4 2 -5 8 0 2 0 	 Fitness: 2019.0
27 0 2 -16 4 0 3 0 	 Fitness: 141.0
97 4 2 -9 1 1 3 1 	 Fitness: 3851.0
48 0 2 -9 8 1 0 1 	 Fitness: 2233.0
73 0 2 -6 5 0 4 0 	 Fitness: 850.0
