98 1 2 -9 2 1 0 0
98 1 2 -9 2 0 0 0
98 1 2 -9 2 0 0 0
98 1 2 -9 2 1 0 0
85 2 2 -12 6 0 0 0
98 1 2 -9 2 1 0 0
85 2 2 -12 6 1 0 0
98 1 2 -9 2 0 0 0
98 1 2 -9 4 1 0 0
98 1 2 -9 4 0 0 0
98 1 2 -9 4 0 0 0
98 1 2 -9 4 1 0 0
98 1 2 -9 2 1 0 0
98 1 2 -9 2 0 0 0
98 1 2 -9 2 0 0 0
98 1 2 -9 2 1 0 0
91 1 2 -11 2 0 0 0
98 1 2 -9 2 1 0 0
91 1 2 -11 2 1 0 0
98 1 2 -9 2 0 0 0
98 1 2 -9 2 0 0 0
98 1 2 -9 2 0 0 0
98 1 2 -9 2 0 0 0
98 1 2 -9 2 0 0 0
98 1 2 -9 4 0 0 0
98 1 2 -9 2 1 0 0
98 1 2 -9 4 1 0 0
98 1 2 -9 2 0 0 0
98 1 2 -9 2 1 0 1
98 1 2 -9 2 1 0 0
98 1 2 -9 2 1 0 0
98 1 2 -9 2 1 0 1
85 2 2 -13 4 1 0 0
85 2 2 -13 6 0 0 0
85 2 2 -13 4 0 0 0
85 2 2 -13 6 1 0 0
85 2 2 -14 7 0 0 0
98 1 2 -9 4 0 1 1
85 2 2 -14 7 0 1 1
98 1 2 -9 4 0 0 0
76 0 2 -15 2 0 -1 0
88 3 2 -11 8 0 6 0
92 1 2 -10 1 1 4 0
98 1 2 -9 1 1 2 1
90 2 2 -7 1 0 1 0
98 1 2 -9 3 0 8 0
81 -2 2 -10 2 0 0 0
85 2 2 -9 2 1 -4 0
88 3 2 -8 3 0 -6 1
98 1 2 -10 4 1 -2 0
91 2 2 -8 1 1 -3 1
98 1 2 -9 3 0 1 0
76 4 2 -10 8 1 3 0
85 3 2 -12 6 1 -2 1
92 2 2 -6 3 0 5 1
69 5 2 0 5 0 -1 1
68 6 2 -1 5 0 -1 1
92 0 2 -7 2 1 3 1
85 2 2 -8 -1 1 -2 1
92 1 2 -12 4 0 -2 0
90 2 2 -5 2 1 5 1
79 2 2 -9 8 0 5 1
98 1 2 -7 0 1 -1 1
72 4 2 -6 6 0 4 1
66 5 2 -11 4 1 -1 0
85 3 2 -10 2 0 -1 0
85 3 2 -11 1 0 -1 0
85 4 2 -14 7 1 1 0
98 2 2 -8 3 0 2 0
98 1 2 -11 4 0 0 0
98 3 2 -8 2 1 -2 1
83 3 2 -24 4 1 2 1
77 2 2 -20 4 0 2 0
85 4 2 -13 5 0 2 0
76 3 2 -15 1 1 1 1
79 4 2 -14 5 0 3 1
85 2 2 -13 4 0 2 0
85 3 2 -13 7 1 1 1
98 3 2 -9 0 0 -1 0
98 1 2 -9 4 1 0 1
90 3 2 -8 1 0 -2 0
79 2 2 -14 2 0 0 0
76 4 2 -7 6 0 1 0
85 2 2 -15 6 0 -1 0
88 0 2 -9 3 0 -2 0
85 2 2 -13 4 0 0 0
88 1 2 -11 2 1 0 0
98 1 2 -9 2 0 0 0
98 1 2 -9 2 1 -2 1
98 1 2 -8 4 0 2 0
85 2 2 -13 4 1 -2 0
98 -1 2 -11 4 1 1 0
91 0 2 -8 4 0 2 0
98 1 2 -9 2 1 0 0
85 2 2 -15 4 1 2 0
98 1 2 -9 3 0 0 0
85 2 2 -13 5 1 -1 1
98 1 2 -9 4 0 0 0
89 3 2 -10 4 1 1 0
98 1 2 -7 2 1 0 1
85 2 2 -12 4 0 1 0
98 1 2 -9 2 0 0 0
98 2 2 -9 1 1 1 0
85 2 2 -12 6 0 -1 0
92 3 2 -10 3 1 1 0